15624,POS消费,地点157,食堂,2014/09/01 07:45:58,1.4,298.55
15624,POS消费,地点286,食堂,2014/09/01 11:40:34,1.0,297.55
15624,POS消费,地点273,食堂,2014/09/01 17:53:57,7.6,289.95
15624,POS消费,地点219,超市,2014/09/01 18:42:09,1.0,288.95
15624,POS消费,地点6,淋浴,2014/09/02 07:29:34,3.1,285.85
15624,POS消费,地点91,校车,2014/09/02 11:48:30,9.6,276.25
15624,POS消费,地点144,食堂,2014/09/02 17:49:08,9.6,266.65
15624,POS消费,地点219,超市,2014/09/02 18:07:30,2.0,264.65
15624,POS消费,地点267,食堂,2014/09/03 07:03:00,2.03,262.62
15624,POS消费,地点167,食堂,2014/09/03 11:30:25,3.1,259.52
15624,POS消费,地点842,食堂,2014/09/03 17:27:46,5.0,254.52
15624,POS消费,地点241,食堂,2014/09/04 07:21:09,2.83,251.69
15624,POS消费,地点244,食堂,2014/09/04 11:25:04,6.6,245.09
15624,POS消费,地点21,开水,2014/09/04 17:26:42,5.0,240.09
15624,POS消费,地点91,校车,2014/09/05 07:39:32,3.0,237.09
15624,POS消费,地点840,食堂,2014/09/05 11:44:54,6.6,230.49
15624,POS消费,地点842,食堂,2014/09/05 17:44:04,5.0,225.49
15624,POS消费,地点279,食堂,2014/09/06 07:13:47,3.4,222.09
15624,POS消费,地点279,食堂,2014/09/06 11:46:28,5.6,216.49
15624,POS消费,地点245,食堂,2014/09/06 17:45:18,8.2,208.29
15624,POS消费,地点842,食堂,2014/09/07 07:28:18,4.83,203.46
15624,POS消费,地点91,校车,2014/09/07 11:30:25,9.6,193.86
15624,POS消费,地点154,食堂,2014/09/07 17:33:55,5.0,188.86
15624,POS消费,地点219,超市,2014/09/08 09:24:17,1.0,187.86
15624,POS消费,地点105,食堂,2014/09/08 11:33:45,5.6,182.26
15624,POS消费,地点219,超市,2014/09/08 14:15:06,3.0,179.26
15624,POS消费,地点105,食堂,2014/09/08 17:33:18,6.6,172.66
15624,POS消费,地点105,食堂,2014/09/09 07:07:32,2.83,169.83
15624,POS消费,地点75,食堂,2014/09/09 11:20:28,7.6,162.23
15624,POS消费,地点219,超市,2014/09/09 14:15:34,3.0,159.23
15624,POS消费,地点105,食堂,2014/09/09 17:23:17,5.6,153.63
15624,POS消费,地点286,食堂,2014/09/10 07:10:19,2.8,150.83
15624,POS消费,地点286,食堂,2014/09/10 07:10:44,5.9,144.93
15624,POS消费,地点310,食堂,2014/09/10 11:23:02,7.6,137.33
15624,POS消费,地点219,超市,2014/09/10 14:15:56,2.0,135.33
15624,POS消费,地点245,食堂,2014/09/10 17:28:43,7.7,127.63
15624,POS消费,地点219,超市,2014/09/10 18:43:05,1.0,126.63
15624,POS消费,地点842,食堂,2014/09/11 07:41:38,2.83,123.8
15624,POS消费,地点310,食堂,2014/09/11 11:49:13,5.6,118.2
15624,POS消费,地点91,校车,2014/09/11 17:14:28,7.6,110.6
15624,POS消费,地点219,超市,2014/09/11 17:42:47,4.0,106.6
15624,POS消费,地点167,食堂,2014/09/12 07:37:17,3.63,102.97
15624,POS消费,地点266,食堂,2014/09/12 17:16:00,5.6,97.37
15624,POS消费,地点219,超市,2014/09/12 18:39:05,4.0,93.37
15624,POS消费,地点219,超市,2014/09/12 18:39:07,4.0,89.37
15624,POS消费,地点65,食堂,2014/09/13 11:28:21,5.6,83.77
15624,卡充值,,,2014/09/13 14:49:32,200.0,283.77
15624,POS消费,地点211,校车,2014/09/13 15:07:30,1.0,282.77
15624,POS消费,地点1447,校车,2014/09/13 16:34:38,1.0,281.77
15624,POS消费,地点21,开水,2014/09/13 17:10:35,1.8,279.97
15624,POS消费,地点21,开水,2014/09/14 07:40:03,0.8,279.17
15624,POS消费,地点1997,食堂,2014/09/14 12:41:02,4.6,274.57
15624,POS消费,地点161,食堂,2014/09/15 07:00:07,3.8,270.77
15624,POS消费,地点1155,食堂,2014/09/15 09:54:19,2.0,268.77
15624,POS消费,地点61,食堂,2014/09/15 12:57:43,4.6,264.17
15624,POS消费,地点1588,食堂,2014/09/15 18:42:42,7.1,257.07
15624,POS消费,地点1961,超市,2014/09/15 18:55:29,16.5,240.57
15624,POS消费,地点1588,食堂,2014/09/16 12:09:30,7.1,233.47
15624,POS消费,地点1674,食堂,2014/09/16 18:04:59,5.8,227.67
15624,POS消费,地点91,校车,2014/09/17 11:44:29,5.8,221.87
15624,POS消费,地点219,超市,2014/09/17 17:32:47,2.0,219.87
15624,POS消费,地点89,食堂,2014/09/17 18:00:45,4.5,215.37
15624,POS消费,地点89,食堂,2014/09/17 18:06:40,2.5,212.87
15624,POS消费,地点219,超市,2014/09/18 10:10:23,1.0,211.87
15624,POS消费,地点1997,食堂,2014/09/18 12:19:06,4.6,207.27
15624,POS消费,地点188,超市,2014/09/18 18:29:06,5.0,202.27
15624,POS消费,地点21,开水,2014/09/19 07:19:27,1.9,200.37
15624,POS消费,地点69,食堂,2014/09/19 11:39:28,6.6,193.77
15624,POS消费,地点219,超市,2014/09/19 13:28:02,4.0,189.77
15624,POS消费,地点1596,食堂,2014/09/19 18:05:13,4.6,185.17
15624,POS消费,地点188,超市,2014/09/19 19:54:21,27.4,157.77
15624,POS消费,地点1659,淋浴,2014/09/19 22:04:13,0.1,157.67
15624,POS消费,地点1659,淋浴,2014/09/19 22:05:00,0.5,157.17
15624,POS消费,地点1961,超市,2014/09/20 12:47:40,2.5,154.67
15624,POS消费,地点1657,淋浴,2014/09/21 08:07:22,1.3,153.37
15624,POS消费,地点188,超市,2014/09/21 12:19:48,15.6,137.77
15624,POS消费,地点188,超市,2014/09/21 12:19:56,0.3,137.47
15624,POS消费,地点1579,开水,2014/09/21 12:34:13,0.02,137.45
15624,POS消费,地点179,食堂,2014/09/22 12:11:46,4.6,132.85
15624,POS消费,地点235,食堂,2014/09/22 12:14:05,1.5,131.35
15624,POS消费,地点144,食堂,2014/09/22 18:00:55,5.1,126.25
15624,POS消费,地点91,校车,2014/09/23 11:53:08,7.3,118.95
15624,POS消费,地点677,开水,2014/09/23 12:21:20,0.01,118.94
15624,POS消费,地点134,食堂,2014/09/23 18:07:12,4.6,114.34
15624,POS消费,地点1659,淋浴,2014/09/23 21:01:20,0.6,113.74
15624,POS消费,地点118,食堂,2014/09/24 07:09:45,4.0,109.74
15624,POS消费,地点236,食堂,2014/09/24 12:09:42,5.0,104.74
15624,POS消费,地点1701,食堂,2014/09/24 12:26:11,1.8,102.94
15624,POS消费,地点286,食堂,2014/09/24 16:56:51,7.0,95.94
15624,POS消费,地点1155,食堂,2014/09/25 11:04:20,4.0,91.94
15624,POS消费,地点1985,食堂,2014/09/25 11:17:14,3.0,88.94
15624,POS消费,地点314,食堂,2014/09/25 11:32:26,3.0,85.94
15624,POS消费,地点188,超市,2014/09/25 22:13:12,38.2,47.74
15624,POS消费,地点1659,淋浴,2014/09/25 23:40:57,0.6,47.14
15624,POS消费,地点230,食堂,2014/09/26 12:43:41,5.0,42.14
15624,POS消费,地点12,文印中心,2014/09/26 20:21:18,0.9,41.24
15624,POS消费,地点1889,洗衣房,2014/09/26 20:26:30,3.6,37.64
15624,POS消费,地点1889,洗衣房,2014/09/26 20:26:30,-1.62,39.26
15624,POS消费,地点1997,食堂,2014/09/27 18:48:44,4.6,34.66
15624,POS消费,地点12,文印中心,2014/09/27 21:45:07,0.6,34.06
15624,POS消费,地点1155,食堂,2014/09/28 07:11:41,5.7,28.36
15624,POS消费,地点241,食堂,2014/09/28 11:50:23,4.6,23.76
15624,POS消费,地点245,食堂,2014/09/28 11:50:56,1.2,22.56
15624,卡充值,,,2014/09/28 12:23:07,300.0,322.56
15624,POS消费,地点61,食堂,2014/09/28 18:00:49,4.6,317.96
15624,POS消费,地点21,开水,2014/09/29 08:10:30,2.6,315.36
15624,POS消费,地点273,食堂,2014/09/29 11:50:49,7.1,308.26
15624,POS消费,地点245,食堂,2014/09/29 11:51:01,1.2,307.06
15624,POS消费,地点1997,食堂,2014/09/30 12:24:12,6.1,300.96
15624,POS消费,地点1997,食堂,2014/09/30 12:24:46,6.1,294.86
15624,POS消费,地点264,食堂,2014/09/30 17:54:55,5.6,289.26
15624,POS消费,地点12,文印中心,2014/09/30 22:46:38,0.6,288.66
15624,POS消费,地点1901,洗衣房,2014/10/01 11:22:46,3.6,285.06
15624,POS消费,地点1657,淋浴,2014/10/01 20:46:51,0.7,284.36
15624,POS消费,地点1642,淋浴,2014/10/03 11:09:23,0.1,284.16
15624,POS消费,地点1642,淋浴,2014/10/03 11:11:12,0.1,284.26
15624,POS消费,地点179,食堂,2014/10/03 11:44:32,4.6,278.76
15624,POS消费,地点1701,食堂,2014/10/03 12:03:41,1.5,277.26
15624,POS消费,地点1659,淋浴,2014/10/03 12:58:17,0.8,283.36
15624,POS消费,地点124,食堂,2014/10/03 17:27:05,4.5,272.76
15624,POS消费,地点12,文印中心,2014/10/04 20:39:42,0.7,272.06
15624,POS消费,地点1892,洗衣房,2014/10/04 20:46:51,3.6,268.46
15624,POS消费,地点1892,洗衣房,2014/10/05 07:27:30,3.6,264.86
15624,POS消费,地点816,校车,2014/10/05 11:46:50,1.0,263.86
15624,POS消费,地点12,文印中心,2014/10/05 21:41:31,0.9,262.96
15624,POS消费,地点1659,淋浴,2014/10/06 20:31:02,0.9,262.06
15624,POS消费,地点314,食堂,2014/10/07 11:30:40,3.0,251.46
15624,POS消费,地点26,图书馆,2014/10/07 11:30:51,46.4,205.06
15624,POS消费,地点1997,食堂,2014/10/07 11:55:54,7.6,254.46
15624,POS消费,地点1642,淋浴,2014/10/07 20:11:46,0.1,204.96
15624,POS消费,地点1659,淋浴,2014/10/07 21:33:58,0.8,204.16
15624,POS消费,地点167,食堂,2014/10/08 08:15:31,2.6,201.56
15624,POS消费,地点839,食堂,2014/10/08 11:45:10,4.8,196.76
15624,POS消费,地点245,食堂,2014/10/08 11:47:05,1.2,195.56
15624,POS消费,地点72,食堂,2014/10/08 17:32:39,4.6,190.96
15624,POS消费,地点1659,淋浴,2014/10/08 21:06:31,0.7,190.26
15624,POS消费,地点72,食堂,2014/10/09 08:20:16,3.0,187.26
15624,POS消费,地点310,食堂,2014/10/09 11:30:01,3.0,181.26
15624,POS消费,地点286,食堂,2014/10/09 11:30:39,1.0,186.26
15624,POS消费,地点105,食堂,2014/10/09 11:30:59,2.0,184.26
15624,POS消费,地点161,食堂,2014/10/09 17:24:13,5.2,176.06
15624,POS消费,地点161,食堂,2014/10/09 17:24:27,1.2,174.86
15624,POS消费,地点1659,淋浴,2014/10/09 20:56:35,0.9,173.96
15624,POS消费,地点118,食堂,2014/10/10 07:06:10,2.5,171.46
15624,POS消费,地点161,食堂,2014/10/10 17:47:18,5.2,166.26
15624,POS消费,地点59,食堂,2014/10/10 17:47:35,1.5,164.76
15624,POS消费,地点1579,开水,2014/10/10 21:14:43,0.08,164.68
15624,POS消费,地点118,食堂,2014/10/11 08:17:48,3.0,161.68
15624,POS消费,地点1847,食堂,2014/10/11 11:10:25,1.0,155.08
15624,POS消费,地点157,食堂,2014/10/11 11:22:27,5.6,156.08
15624,POS消费,地点840,食堂,2014/10/11 17:52:45,12.0,143.08
15624,POS消费,地点1657,淋浴,2014/10/11 20:14:45,1.0,142.08
15624,POS消费,地点72,食堂,2014/10/12 17:37:55,5.6,136.48
15624,POS消费,地点118,食堂,2014/10/13 07:39:57,6.0,130.48
15624,POS消费,地点1892,洗衣房,2014/10/13 07:52:21,3.6,126.88
15624,POS消费,地点1657,淋浴,2014/10/13 08:03:54,0.9,125.98
15624,POS消费,地点839,食堂,2014/10/13 11:53:52,4.8,121.18
15624,POS消费,地点245,食堂,2014/10/13 11:57:02,1.5,119.68
15624,POS消费,地点87,食堂,2014/10/13 17:41:26,4.6,115.08
15624,POS消费,地点118,食堂,2014/10/14 08:08:32,3.8,111.28
15624,POS消费,地点273,食堂,2014/10/14 17:50:00,7.1,104.18
15624,POS消费,地点245,食堂,2014/10/14 17:50:00,1.2,102.98
15624,POS消费,地点1659,淋浴,2014/10/14 19:50:31,1.2,101.78
15624,POS消费,地点1155,食堂,2014/10/15 08:12:02,4.0,97.78
15624,POS消费,地点268,食堂,2014/10/15 11:46:06,4.6,93.18
15624,POS消费,地点245,食堂,2014/10/15 11:48:39,1.5,91.68
15624,POS消费,地点188,超市,2014/10/15 17:29:40,48.8,42.88
15624,POS消费,地点26,图书馆,2014/10/15 19:32:01,10.0,32.88
15624,POS消费,地点118,食堂,2014/10/16 08:12:31,5.0,27.88
15624,POS消费,地点219,超市,2014/10/16 10:38:11,1.0,26.88
15624,POS消费,地点245,食堂,2014/10/16 11:54:40,2.1,24.78
15624,POS消费,地点839,食堂,2014/10/16 11:54:42,3.96,20.82
15624,卡充值,,,2014/10/16 12:21:45,300.0,320.82
15624,POS消费,地点134,食堂,2014/10/16 17:26:47,4.6,316.22
15624,POS消费,地点1701,食堂,2014/10/16 17:48:47,1.5,314.72
15624,POS消费,地点1657,淋浴,2014/10/16 19:57:01,1.3,313.42
15624,POS消费,地点91,校车,2014/10/17 17:46:38,3.3,310.12
15624,POS消费,地点1657,淋浴,2014/10/17 21:19:49,0.6,309.52
15624,POS消费,地点1155,食堂,2014/10/18 08:49:25,9.2,300.32
15624,POS消费,地点1892,洗衣房,2014/10/19 08:40:15,3.6,296.72
15624,POS消费,地点1657,淋浴,2014/10/19 08:48:19,1.0,295.72
15624,POS消费,地点239,食堂,2014/10/19 17:29:44,4.6,291.12
15624,POS消费,地点59,食堂,2014/10/19 17:31:14,1.5,289.62
15624,POS消费,地点1155,食堂,2014/10/20 07:41:42,3.0,286.62
15624,POS消费,地点241,食堂,2014/10/20 11:52:56,4.6,282.02
15624,POS消费,地点1021,淋浴,2014/10/20 20:37:42,0.8,281.02
15624,POS消费,地点1642,淋浴,2014/10/20 20:44:37,0.2,281.82
15624,POS消费,地点161,食堂,2014/10/21 08:20:58,1.8,279.22
15624,POS消费,地点275,食堂,2014/10/21 11:55:42,10.0,269.22
15624,POS消费,地点268,食堂,2014/10/21 12:06:53,9.1,260.12
15624,POS消费,地点244,食堂,2014/10/21 17:48:04,4.6,255.52
15624,POS消费,地点245,食堂,2014/10/21 17:49:53,1.2,254.32
15624,POS消费,地点1659,淋浴,2014/10/21 21:22:21,1.0,253.32
15624,POS消费,地点1155,食堂,2014/10/22 08:11:46,4.0,249.32
15624,POS消费,地点839,食堂,2014/10/22 11:48:51,5.0,242.22
15624,POS消费,地点245,食堂,2014/10/22 11:49:22,2.1,247.22
15624,POS消费,地点242,食堂,2014/10/22 17:53:10,1.5,235.12
15624,POS消费,地点253,食堂,2014/10/22 17:53:43,5.6,236.62
15624,POS消费,地点314,食堂,2014/10/22 17:59:41,3.0,232.12
15624,POS消费,地点1657,淋浴,2014/10/22 21:05:50,0.8,231.32
15624,POS消费,地点118,食堂,2014/10/23 08:16:54,5.0,226.32
15624,POS消费,地点841,食堂,2014/10/23 11:41:05,3.0,218.22
15624,POS消费,地点527,食堂,2014/10/23 11:42:22,5.1,221.22
15624,POS消费,地点239,食堂,2014/10/23 17:38:12,6.3,211.92
15624,POS消费,地点242,食堂,2014/10/23 17:51:59,1.5,210.42
15624,POS消费,地点1659,淋浴,2014/10/23 23:22:27,0.1,210.32
15624,POS消费,地点1155,食堂,2014/10/24 07:08:15,5.0,204.62
15624,POS消费,地点839,食堂,2014/10/24 17:47:43,4.1,200.52
15624,POS消费,地点839,食堂,2014/10/24 17:47:51,0.6,199.92
15624,POS消费,地点245,食堂,2014/10/24 17:50:12,1.5,198.42
15624,POS消费,地点1659,淋浴,2014/10/24 22:12:24,0.9,197.52
15624,POS消费,地点1155,食堂,2014/10/25 08:16:23,2.5,195.02
15624,POS消费,地点245,食堂,2014/10/25 11:26:45,1.5,188.12
15624,POS消费,地点273,食堂,2014/10/25 11:26:47,5.4,189.62
15624,POS消费,地点1659,淋浴,2014/10/26 08:32:38,1.2,186.92
15624,POS消费,地点72,食堂,2014/10/26 11:42:37,4.6,182.32
15624,POS消费,地点72,食堂,2014/10/26 11:43:33,5.6,176.72
15624,POS消费,地点239,食堂,2014/10/26 17:41:51,5.0,171.72
15624,POS消费,地点59,食堂,2014/10/26 17:43:20,1.5,170.22
15624,POS消费,地点26,图书馆,2014/10/26 18:10:41,3.9,166.32
15624,POS消费,地点527,食堂,2014/10/27 11:53:18,4.6,161.72
15624,POS消费,地点286,食堂,2014/10/27 18:05:10,1.0,160.72
15624,POS消费,地点310,食堂,2014/10/27 18:05:34,8.5,152.22
15624,POS消费,地点26,图书馆,2014/10/27 18:25:29,3.3,148.92
15624,POS消费,地点1659,淋浴,2014/10/27 20:52:36,0.8,148.12
15624,POS消费,地点1155,食堂,2014/10/28 07:14:30,12.4,135.72
15624,POS消费,地点268,食堂,2014/10/28 11:50:29,6.6,129.12
15624,POS消费,地点241,食堂,2014/10/28 17:50:06,4.6,124.52
15624,POS消费,地点245,食堂,2014/10/28 17:50:30,1.5,123.02
15624,POS消费,地点1406,淋浴,2014/10/28 18:25:33,0.8,122.22
15624,POS消费,地点237,食堂,2014/10/29 08:19:26,4.4,117.82
15624,POS消费,地点1701,食堂,2014/10/29 18:40:44,4.8,113.02
15624,POS消费,地点232,食堂,2014/10/30 11:56:05,8.0,105.02
15624,POS消费,地点840,食堂,2014/10/30 17:19:45,4.0,101.02
15624,POS消费,地点1406,淋浴,2014/10/30 18:17:04,1.2,99.82
15624,POS消费,地点1155,食堂,2014/10/31 07:16:32,12.7,87.12
15624,POS消费,地点242,食堂,2014/10/31 11:33:55,2.1,85.02
15624,POS消费,地点253,食堂,2014/10/31 11:36:33,4.2,80.82
15624,POS消费,地点268,食堂,2014/10/31 17:44:55,4.6,76.22
15624,POS消费,地点245,食堂,2014/10/31 17:47:09,1.5,74.72
15624,POS消费,地点1579,开水,2014/10/31 23:22:58,0.05,74.67
15624,POS消费,地点1659,淋浴,2014/11/01 09:11:33,1.3,73.37
15624,POS消费,地点1021,淋浴,2014/11/01 22:48:02,1.0,72.17
15624,POS消费,地点1642,淋浴,2014/11/01 22:48:19,0.2,73.17
15624,POS消费,地点59,食堂,2014/11/02 11:19:04,1.5,65.07
15624,POS消费,地点65,食堂,2014/11/02 11:26:45,5.6,66.57
15624,POS消费,地点1886,洗衣房,2014/11/02 12:25:41,3.6,61.47
15624,POS消费,地点238,食堂,2014/11/02 17:47:58,7.0,54.47
15624,POS消费,地点21,开水,2014/11/03 07:51:02,4.9,49.57
15624,POS消费,地点1406,淋浴,2014/11/03 08:18:11,1.1,48.47
15624,POS消费,地点268,食堂,2014/11/03 11:51:11,7.6,40.87
15624,POS消费,地点192,超市,2014/11/03 12:04:58,3.3,37.57
15624,卡充值,,,2014/11/03 16:17:51,300.0,337.57
15624,POS消费,地点118,食堂,2014/11/04 08:13:44,5.0,332.57
15624,POS消费,地点21,开水,2014/11/04 11:58:45,5.6,326.97
15624,POS消费,地点314,食堂,2014/11/04 12:01:42,3.0,323.97
15624,POS消费,地点839,食堂,2014/11/04 17:48:09,5.04,317.13
15624,POS消费,地点245,食堂,2014/11/04 17:50:09,1.8,322.17
15624,POS消费,地点26,图书馆,2014/11/04 18:16:00,3.3,313.83
15624,POS消费,地点1406,淋浴,2014/11/04 20:29:17,0.3,313.53
15624,POS消费,地点1406,淋浴,2014/11/04 20:39:11,0.8,312.73
15624,POS消费,地点839,食堂,2014/11/05 11:47:04,5.0,307.73
15624,POS消费,地点245,食堂,2014/11/05 11:49:53,1.5,306.23
15624,POS消费,地点242,食堂,2014/11/05 17:45:22,1.5,300.13
15624,POS消费,地点60,食堂,2014/11/05 17:52:02,4.6,301.63
15624,POS消费,地点1657,淋浴,2014/11/05 20:48:05,1.2,298.93
15624,POS消费,地点72,食堂,2014/11/06 08:21:52,3.2,295.73
15624,POS消费,地点219,超市,2014/11/06 10:02:19,1.0,294.73
15624,POS消费,地点527,食堂,2014/11/06 11:38:22,5.6,289.13
15624,POS消费,地点829,图书馆,2014/11/06 16:40:34,10.0,279.13
15624,POS消费,地点272,食堂,2014/11/06 18:01:23,10.0,269.13
15624,POS消费,地点1657,淋浴,2014/11/06 20:48:18,1.1,268.03
15624,POS消费,地点237,食堂,2014/11/07 11:32:29,1.0,262.43
15624,POS消费,地点1700,食堂,2014/11/07 11:53:09,4.6,263.43
15624,POS消费,地点26,图书馆,2014/11/07 16:08:39,3.3,259.13
15624,POS消费,地点60,食堂,2014/11/07 18:02:45,5.6,253.53
15624,POS消费,地点1406,淋浴,2014/11/07 20:09:32,1.3,252.23
15624,POS消费,地点526,食堂,2014/11/08 11:09:25,8.0,244.23
15624,POS消费,地点232,食堂,2014/11/08 17:53:06,6.0,238.23
15624,POS消费,地点27,教务处,2014/11/08 18:17:22,0.5,237.73
15624,POS消费,地点1657,淋浴,2014/11/08 20:40:08,1.5,236.23
15624,POS消费,地点192,超市,2014/11/09 18:12:53,3.9,232.33
15624,POS消费,地点1657,淋浴,2014/11/10 08:20:59,0.9,228.35
15624,POS消费,地点1997,食堂,2014/11/10 08:37:31,3.0,229.25
15624,POS消费,地点839,食堂,2014/11/10 11:46:42,4.9,223.45
15624,POS消费,地点245,食堂,2014/11/10 11:49:24,1.5,221.95
15624,POS消费,地点527,食堂,2014/11/10 17:52:34,4.6,217.35
15624,POS消费,地点192,超市,2014/11/10 18:08:13,7.8,209.55
15624,POS消费,地点1579,开水,2014/11/10 20:35:01,0.08,209.47
15624,POS消费,地点118,食堂,2014/11/11 08:12:03,6.2,203.27
15624,POS消费,地点1683,食堂,2014/11/11 09:57:30,20.0,183.27
15624,POS消费,地点245,食堂,2014/11/11 11:53:41,1.5,179.97
15624,POS消费,地点2117,食堂,2014/11/11 12:31:58,1.8,181.47
15624,POS消费,地点1579,开水,2014/11/11 13:33:43,0.08,232.25
15624,POS消费,地点268,食堂,2014/11/11 17:59:47,4.6,175.37
15624,POS消费,地点26,图书馆,2014/11/11 20:17:48,4.0,171.37
15624,POS消费,地点1657,淋浴,2014/11/11 23:03:20,0.9,170.47
15624,POS消费,地点72,食堂,2014/11/12 08:17:56,3.4,167.07
15624,POS消费,地点275,食堂,2014/11/12 11:47:23,12.0,155.07
15624,POS消费,地点21,开水,2014/11/12 17:20:01,5.0,150.07
15624,POS消费,地点192,超市,2014/11/12 17:36:37,3.3,146.77
15624,POS消费,地点268,食堂,2014/11/13 08:13:08,3.8,140.37
15624,POS消费,地点241,食堂,2014/11/13 08:15:26,2.6,144.17
15624,POS消费,地点245,食堂,2014/11/13 11:31:47,2.1,138.27
15624,POS消费,地点1368,食堂,2014/11/13 11:41:43,4.0,134.27
15624,POS消费,地点232,食堂,2014/11/13 18:03:18,6.0,128.27
15624,POS消费,地点1659,淋浴,2014/11/13 20:42:02,1.0,127.27
15624,POS消费,地点232,食堂,2014/11/14 11:39:53,6.0,121.27
15624,POS消费,地点839,食堂,2014/11/14 17:46:34,4.56,116.71
15624,POS消费,地点245,食堂,2014/11/14 17:49:19,1.2,115.51
15624,POS消费,地点192,超市,2014/11/14 18:02:11,5.0,110.51
15624,POS消费,地点2114,淋浴,2014/11/14 23:02:44,1.0,109.51
15624,POS消费,地点1997,食堂,2014/11/15 09:18:40,3.4,106.11
15624,POS消费,地点232,食堂,2014/11/15 11:55:17,6.0,100.11
15624,POS消费,地点21,开水,2014/11/15 17:09:04,6.0,94.11
15624,POS消费,地点1579,开水,2014/11/15 20:53:40,0.08,94.03
15624,POS消费,地点1657,淋浴,2014/11/16 07:49:11,1.6,92.43
15624,POS消费,地点21,开水,2014/11/16 12:05:36,5.6,86.83
15624,POS消费,地点241,食堂,2014/11/17 07:56:32,3.0,83.83
15624,POS消费,地点21,开水,2014/11/17 09:52:39,3.8,80.03
15624,POS消费,地点144,食堂,2014/11/17 11:51:54,4.6,75.43
15624,POS消费,地点192,超市,2014/11/17 12:04:17,3.3,72.13
15624,POS消费,地点272,食堂,2014/11/17 17:53:11,15.0,57.13
15624,POS消费,地点2114,淋浴,2014/11/17 21:06:28,1.6,55.53
15624,POS消费,地点72,食堂,2014/11/18 08:20:02,3.0,52.53
15624,卡充值,,,2014/11/18 11:44:39,300.0,352.53
15624,POS消费,地点525,食堂,2014/11/18 17:48:21,5.6,346.93
15624,POS消费,地点245,食堂,2014/11/18 17:49:11,1.5,345.43
15624,POS消费,地点72,食堂,2014/11/19 08:19:16,3.4,342.03
15624,POS消费,地点21,开水,2014/11/19 11:56:28,4.9,337.13
15624,POS消费,地点1579,开水,2014/11/19 12:16:16,0.02,337.11
15624,POS消费,地点1657,淋浴,2014/11/19 21:28:05,1.1,336.01
15624,POS消费,地点72,食堂,2014/11/20 08:21:59,3.2,332.81
15624,POS消费,地点527,食堂,2014/11/20 11:32:44,5.1,327.71
15624,POS消费,地点188,超市,2014/11/20 12:00:26,3.3,324.41
15624,POS消费,地点1886,洗衣房,2014/11/21 10:22:59,3.6,320.81
15624,POS消费,地点21,开水,2014/11/21 11:46:42,3.0,312.21
15624,POS消费,地点1997,食堂,2014/11/21 12:10:25,5.6,315.21
15624,POS消费,地点247,食堂,2014/11/21 17:54:52,10.0,302.21
15624,POS消费,地点1657,淋浴,2014/11/21 21:03:49,1.4,300.81
15624,POS消费,地点232,食堂,2014/11/22 12:44:13,6.0,294.81
15624,POS消费,地点232,食堂,2014/11/22 17:59:59,6.0,288.81
15624,POS消费,地点2114,淋浴,2014/11/22 21:17:56,1.5,287.31
15624,POS消费,地点232,食堂,2014/11/23 11:55:50,6.0,281.31
15624,POS消费,地点21,开水,2014/11/23 12:10:35,11.7,269.61
15624,POS消费,地点1579,开水,2014/11/23 21:49:13,0.08,269.53
15624,POS消费,地点2031,食堂,2014/11/24 08:39:07,3.0,266.53
15624,POS消费,地点839,食堂,2014/11/24 11:48:22,4.14,260.59
15624,POS消费,地点245,食堂,2014/11/24 11:50:09,1.8,264.73
15624,POS消费,地点245,食堂,2014/11/24 17:51:58,1.8,258.79
15624,POS消费,地点1368,食堂,2014/11/24 18:03:11,4.4,254.39
15624,POS消费,地点2114,淋浴,2014/11/24 21:51:48,1.4,252.99
15624,POS消费,地点118,食堂,2014/11/25 08:14:03,6.5,246.49
15624,POS消费,地点527,食堂,2014/11/25 11:50:18,4.6,241.89
15624,POS消费,地点527,食堂,2014/11/25 11:50:36,5.6,236.29
15624,POS消费,地点821,食堂,2014/11/25 17:47:39,5.6,230.69
15624,POS消费,地点844,食堂,2014/11/25 17:56:47,3.2,227.49
15624,POS消费,地点1579,开水,2014/11/25 20:49:01,0.08,227.41
15624,POS消费,地点72,食堂,2014/11/26 08:19:38,3.2,224.21
15624,POS消费,地点1892,洗衣房,2014/11/26 10:06:25,3.6,220.61
15624,POS消费,地点527,食堂,2014/11/26 11:47:12,5.1,215.51
15624,POS消费,地点1998,食堂,2014/11/26 18:20:51,4.1,211.41
15624,POS消费,地点1657,淋浴,2014/11/26 23:06:43,1.0,210.41
15624,POS消费,地点184,食堂,2014/11/27 08:29:02,3.4,207.01
15624,POS消费,地点244,食堂,2014/11/27 11:37:37,4.6,202.41
15624,POS消费,地点841,食堂,2014/11/27 11:48:29,3.0,199.41
15624,POS消费,地点247,食堂,2014/11/27 18:32:34,10.0,189.41
15624,POS消费,地点1642,淋浴,2014/11/27 22:58:36,1.1,188.31
15624,POS消费,地点1155,食堂,2014/11/28 07:11:49,4.0,184.31
15624,POS消费,地点59,食堂,2014/11/28 11:16:14,2.1,182.21
15624,POS消费,地点253,食堂,2014/11/28 11:32:09,5.4,176.81
15624,POS消费,地点527,食堂,2014/11/28 17:48:06,5.1,171.71
15624,POS消费,地点188,超市,2014/11/28 19:10:43,18.5,153.21
15624,POS消费,地点1657,淋浴,2014/11/28 22:06:26,1.3,151.91
15624,POS消费,地点1155,食堂,2014/11/29 08:41:22,11.2,140.71
15624,POS消费,地点840,食堂,2014/11/29 11:09:20,3.0,137.71
15624,POS消费,地点72,食堂,2014/11/29 18:25:45,4.1,133.61
15624,POS消费,地点21,开水,2014/11/29 18:44:10,3.0,125.01
15624,POS消费,地点1997,食堂,2014/11/29 19:11:55,5.6,128.01
15624,POS消费,地点1657,淋浴,2014/11/29 21:10:47,1.6,123.41
15624,POS消费,地点72,食堂,2014/11/30 16:56:04,4.6,118.81
15624,POS消费,地点2114,淋浴,2014/11/30 21:20:11,1.5,117.31
15624,POS消费,地点1997,食堂,2014/12/01 08:39:55,5.1,112.21
15624,POS消费,地点144,食堂,2014/12/01 11:51:31,4.6,107.61
15624,POS消费,地点188,超市,2014/12/01 12:14:52,3.4,104.21
15624,POS消费,地点527,食堂,2014/12/01 17:53:18,5.1,99.11
15624,POS消费,地点184,食堂,2014/12/02 08:30:15,1.6,97.51
15624,POS消费,地点21,开水,2014/12/02 12:04:52,4.6,92.91
15624,POS消费,地点105,食堂,2014/12/02 17:55:53,6.0,84.91
15624,POS消费,地点286,食堂,2014/12/02 18:05:27,2.0,90.91
15624,POS消费,地点1657,淋浴,2014/12/02 21:13:09,1.6,83.31
15624,POS消费,地点525,食堂,2014/12/03 08:15:29,2.8,80.51
15624,POS消费,地点839,食堂,2014/12/03 11:44:38,4.56,75.95
15624,POS消费,地点245,食堂,2014/12/03 11:47:46,1.5,74.45
15624,POS消费,地点1998,食堂,2014/12/04 08:59:55,2.8,71.65
15624,POS消费,地点840,食堂,2014/12/04 10:43:49,3.0,68.65
15624,POS消费,地点226,食堂,2014/12/04 17:21:33,2.0,62.55
15624,POS消费,地点92,食堂,2014/12/04 17:38:39,4.1,64.55
15624,POS消费,地点1657,淋浴,2014/12/04 22:26:15,1.4,61.15
15624,POS消费,地点118,食堂,2014/12/05 07:22:34,5.0,56.15
15624,POS消费,地点237,食堂,2014/12/05 11:21:38,1.0,350.55
15624,卡充值,,,2014/12/05 11:24:30,300.0,356.15
15624,POS消费,地点60,食堂,2014/12/05 11:40:46,4.6,351.55
15624,POS消费,地点245,食堂,2014/12/05 17:49:21,1.5,345.85
15624,POS消费,地点1368,食堂,2014/12/05 17:57:49,3.2,347.35
15624,POS消费,地点844,食堂,2014/12/05 17:58:13,0.35,345.5
15624,POS消费,地点21,开水,2014/12/05 18:06:43,16.5,329.0
15624,POS消费,地点1579,开水,2014/12/06 09:59:04,0.01,328.99
15624,POS消费,地点1886,洗衣房,2014/12/06 10:03:35,3.6,325.39
15624,POS消费,地点232,食堂,2014/12/06 11:44:10,6.0,319.39
15624,POS消费,地点21,开水,2014/12/06 11:44:40,1.5,317.89
15624,POS消费,地点1657,淋浴,2014/12/06 21:18:12,1.6,316.29
15624,POS消费,地点226,食堂,2014/12/07 11:33:49,1.35,311.34
15624,POS消费,地点103,食堂,2014/12/07 11:50:27,3.6,312.69
15624,POS消费,地点21,开水,2014/12/07 17:50:46,6.6,304.74
15624,POS消费,地点840,食堂,2014/12/08 07:45:14,3.0,301.74
15624,POS消费,地点839,食堂,2014/12/08 11:46:12,4.14,295.8
15624,POS消费,地点2117,食堂,2014/12/08 12:33:02,1.8,299.94
15624,POS消费,地点268,食堂,2014/12/08 17:46:21,4.6,291.2
15624,POS消费,地点245,食堂,2014/12/08 17:49:57,1.2,289.65
15624,POS消费,地点844,食堂,2014/12/08 17:58:09,0.35,290.85
15624,POS消费,地点1657,淋浴,2014/12/08 21:51:11,1.3,288.35
15624,POS消费,地点241,食堂,2014/12/09 08:15:53,1.55,286.8
15624,POS消费,地点1997,食堂,2014/12/09 12:39:51,5.1,281.7
15624,POS消费,地点1997,食堂,2014/12/09 12:40:08,5.1,276.6
15624,POS消费,地点232,食堂,2014/12/09 18:05:54,3.0,273.6
15624,POS消费,地点1659,淋浴,2014/12/09 21:49:34,1.7,271.9
15624,POS消费,地点167,食堂,2014/12/10 08:15:25,3.5,268.4
15624,POS消费,地点527,食堂,2014/12/10 11:48:44,5.1,263.3
15624,POS消费,地点213,食堂,2014/12/10 16:23:44,0.4,262.9
15624,POS消费,地点188,超市,2014/12/10 16:25:34,17.8,245.1
15624,POS消费,地点59,食堂,2014/12/10 17:37:45,1.5,239.1
15624,POS消费,地点253,食堂,2014/12/10 17:50:34,4.0,241.1
15624,POS消费,地点253,食堂,2014/12/10 17:50:45,0.5,240.6
15624,POS消费,地点1579,开水,2014/12/10 23:03:33,0.03,239.07
15624,POS消费,地点241,食堂,2014/12/11 08:14:43,4.0,235.07
15624,POS消费,地点65,食堂,2014/12/11 11:14:41,4.6,230.47
15624,POS消费,地点1642,淋浴,2014/12/11 22:00:51,1.4,229.07
15624,POS消费,地点232,食堂,2014/12/12 11:47:18,8.0,221.07
15624,POS消费,地点232,食堂,2014/12/12 11:52:19,6.0,215.07
15624,POS消费,地点525,食堂,2014/12/12 17:47:12,5.6,209.47
15624,POS消费,地点245,食堂,2014/12/12 17:48:05,1.5,207.97
15624,POS消费,地点1657,淋浴,2014/12/13 07:46:05,1.4,206.57
15624,POS消费,地点59,食堂,2014/12/13 11:42:03,2.1,204.47
15624,POS消费,地点253,食堂,2014/12/13 11:58:05,4.4,200.07
15624,POS消费,地点1886,洗衣房,2014/12/13 12:15:00,3.6,196.47
15624,POS消费,地点226,食堂,2014/12/13 17:26:56,3.35,193.12
15624,POS消费,地点1642,淋浴,2014/12/14 08:28:47,0.8,192.32
15624,POS消费,地点61,食堂,2014/12/14 17:47:59,3.6,188.72
15624,POS消费,地点2119,食堂,2014/12/14 18:27:13,0.35,188.37
15624,POS消费,地点2117,食堂,2014/12/15 08:37:17,0.8,184.22
15624,POS消费,地点2031,食堂,2014/12/15 08:40:28,3.35,185.02
15624,POS消费,地点527,食堂,2014/12/15 11:49:10,5.1,179.12
15624,POS消费,地点188,超市,2014/12/15 12:19:23,37.3,141.82
15624,POS消费,地点244,食堂,2014/12/15 17:49:01,4.6,137.22
15624,POS消费,地点245,食堂,2014/12/15 17:52:05,1.5,135.72
15624,POS消费,地点188,超市,2014/12/15 18:17:20,3.0,132.72
15624,POS消费,地点1659,淋浴,2014/12/15 22:20:18,1.1,131.62
15624,POS消费,地点72,食堂,2014/12/16 08:18:47,2.6,129.02
15624,POS消费,地点244,食堂,2014/12/16 11:49:27,4.6,124.42
15624,POS消费,地点844,食堂,2014/12/16 12:00:13,1.15,123.27
15624,POS消费,地点188,超市,2014/12/16 14:12:53,3.3,119.97
15624,POS消费,地点839,食堂,2014/12/16 17:46:10,5.8,114.17
15624,POS消费,地点245,食堂,2014/12/16 17:49:35,1.2,112.97
15624,POS消费,地点118,食堂,2014/12/17 08:18:09,4.0,108.97
15624,POS消费,地点91,校车,2014/12/17 17:14:57,7.0,101.97
15624,POS消费,地点2114,淋浴,2014/12/17 22:00:26,1.6,100.37
15624,POS消费,地点72,食堂,2014/12/18 08:16:47,2.2,98.17
15624,POS消费,地点241,食堂,2014/12/18 11:50:13,4.6,92.57
15624,POS消费,地点841,食堂,2014/12/18 11:57:42,1.0,97.17
15624,POS消费,地点70,食堂,2014/12/18 17:23:51,7.0,85.57
15624,POS消费,地点188,超市,2014/12/18 17:52:33,20.0,65.57
15624,POS消费,地点1657,淋浴,2014/12/18 21:01:02,1.4,64.17
15624,POS消费,地点1997,食堂,2014/12/19 09:08:24,2.5,61.67
15624,POS消费,地点1997,食堂,2014/12/19 09:08:45,5.0,56.67
15624,POS消费,地点840,食堂,2014/12/19 17:47:46,7.0,49.67
15624,POS消费,地点1657,淋浴,2014/12/19 21:59:38,1.7,47.97
15624,POS消费,地点1155,食堂,2014/12/20 08:25:39,11.8,36.17
15624,POS消费,地点21,开水,2014/12/20 11:29:04,5.0,31.17
15624,POS消费,地点1579,开水,2014/12/21 10:40:08,0.08,31.09
15624,支付领取,,,2014/12/21 16:19:42,100.0,131.09
15624,支付领取,,,2014/12/21 16:19:47,100.0,231.09
15624,POS消费,地点61,食堂,2014/12/21 17:01:46,3.6,227.49
15624,POS消费,地点2119,食堂,2014/12/21 17:41:33,0.35,227.14
15624,POS消费,地点2114,淋浴,2014/12/21 21:36:01,0.9,226.24
15624,POS消费,地点1551,食堂,2014/12/22 11:50:53,20.0,206.24
15624,POS消费,地点272,食堂,2014/12/22 18:02:36,10.0,196.24
15624,POS消费,地点161,食堂,2014/12/23 08:52:18,2.8,193.44
15624,POS消费,地点1368,食堂,2014/12/23 12:04:13,6.2,185.14
15624,POS消费,地点192,超市,2014/12/23 12:20:40,3.3,181.84
15624,POS消费,地点2043,食堂,2014/12/23 12:41:26,2.1,191.34
15624,POS消费,地点1579,开水,2014/12/23 12:53:55,0.08,181.76
15624,POS消费,地点840,食堂,2014/12/23 17:47:56,4.0,177.76
15624,POS消费,地点2114,淋浴,2014/12/23 21:47:41,1.2,176.56
15624,POS消费,地点188,超市,2014/12/24 10:03:36,3.0,173.56
15624,POS消费,地点268,食堂,2014/12/24 11:42:34,4.6,168.96
15624,POS消费,地点2043,食堂,2014/12/24 12:33:11,0.8,168.16
15624,POS消费,地点21,开水,2014/12/25 09:56:11,3.0,165.16
15624,POS消费,地点527,食堂,2014/12/25 11:41:08,4.6,160.56
15624,POS消费,地点72,食堂,2014/12/25 17:55:26,4.6,155.96
15624,POS消费,地点1659,淋浴,2014/12/25 21:37:54,0.1,155.86
15624,POS消费,地点1657,淋浴,2014/12/25 21:51:00,1.6,154.26
15624,POS消费,地点840,食堂,2014/12/26 10:58:09,3.0,151.26
15624,POS消费,地点844,食堂,2014/12/26 11:07:58,1.15,150.11
15624,POS消费,地点272,食堂,2014/12/26 17:56:57,12.0,138.11
15624,POS消费,地点1036,食堂,2014/12/26 18:02:17,1.23,136.88
15624,POS消费,地点232,食堂,2014/12/27 12:57:08,6.0,130.88
15624,POS消费,地点21,开水,2014/12/27 14:20:48,11.0,119.88
15624,POS消费,地点1657,淋浴,2014/12/28 08:59:04,1.5,118.38
15624,POS消费,地点232,食堂,2014/12/28 12:34:44,8.0,110.38
15624,POS消费,地点21,开水,2014/12/28 12:59:42,3.0,107.38
15624,POS消费,地点188,超市,2014/12/28 13:04:01,5.0,102.38
15624,POS消费,地点72,食堂,2014/12/28 17:42:05,3.8,98.58
15624,POS消费,地点21,开水,2014/12/28 17:52:08,10.0,88.58
15624,POS消费,地点21,开水,2014/12/28 17:52:23,4.5,84.08
15624,POS消费,地点21,开水,2014/12/29 09:31:45,3.0,81.08
15624,POS消费,地点70,食堂,2014/12/29 11:19:01,6.0,75.08
15624,POS消费,地点277,食堂,2014/12/29 11:26:05,3.03,72.05
15624,POS消费,地点253,食堂,2014/12/29 17:55:39,4.0,66.45
15624,POS消费,地点82,食堂,2014/12/29 17:58:28,1.6,70.45
15624,POS消费,地点1642,淋浴,2014/12/29 23:23:29,1.0,65.45
15624,POS消费,地点232,食堂,2014/12/30 11:52:55,6.0,59.45
15624,POS消费,地点1579,开水,2014/12/30 21:46:10,0.09,59.36
15624,POS消费,地点250,食堂,2014/12/31 11:55:57,12.0,47.36
15624,支付领取,,,2014/12/31 12:29:35,200.0,247.36
15624,POS消费,地点232,食堂,2014/12/31 17:56:13,6.0,241.36
15624,POS消费,地点1657,淋浴,2015/01/01 01:44:28,1.0,240.36
15624,POS消费,地点1892,洗衣房,2015/01/01 12:50:01,3.6,236.76
15624,POS消费,地点1579,开水,2015/01/01 22:39:36,0.12,236.64
15624,POS消费,地点21,开水,2015/01/02 09:29:08,13.5,223.14
15624,POS消费,地点238,食堂,2015/01/02 12:18:19,5.0,218.14
15624,POS消费,地点280,食堂,2015/01/02 12:18:57,3.0,215.14
15624,POS消费,地点1657,淋浴,2015/01/03 08:27:37,1.2,213.94
15624,POS消费,地点21,开水,2015/01/03 18:20:42,8.0,205.94
15624,POS消费,地点1579,开水,2015/01/03 20:54:29,0.06,205.88
15624,POS消费,地点1997,食堂,2015/01/04 13:14:21,4.6,201.28
15624,POS消费,地点244,食堂,2015/01/04 17:50:06,4.6,196.68
15624,POS消费,地点1368,食堂,2015/01/04 18:02:15,1.5,195.18
15624,POS消费,地点2114,淋浴,2015/01/04 23:17:00,1.0,194.18
15624,POS消费,地点118,食堂,2015/01/05 08:55:10,11.2,182.98
15624,POS消费,地点247,食堂,2015/01/05 11:42:14,10.0,172.98
15624,POS消费,地点1155,食堂,2015/01/05 15:36:53,4.0,168.98
15624,POS消费,地点232,食堂,2015/01/05 18:44:26,6.0,162.98
15624,POS消费,地点61,食堂,2015/01/06 11:43:48,4.4,158.58
15624,POS消费,地点188,超市,2015/01/06 15:34:23,3.0,155.58
15624,POS消费,地点91,校车,2015/01/06 18:36:10,8.0,147.58
15624,POS消费,地点21,开水,2015/01/06 18:50:26,3.0,144.58
15624,POS消费,地点1657,淋浴,2015/01/06 23:10:29,1.0,143.58
15624,POS消费,地点1997,食堂,2015/01/07 09:29:23,3.0,140.58
15624,POS消费,地点1997,食堂,2015/01/07 09:29:34,4.63,135.95
15624,POS消费,地点232,食堂,2015/01/07 11:53:01,8.0,127.95
15624,POS消费,地点184,食堂,2015/01/07 17:35:04,2.6,125.35
15624,POS消费,地点253,食堂,2015/01/07 17:38:49,3.8,121.55
15624,POS消费,地点232,食堂,2015/01/08 11:34:11,8.0,113.55
15624,POS消费,地点1997,食堂,2015/01/08 18:46:51,5.1,108.45
15624,POS消费,地点1657,淋浴,2015/01/08 21:55:54,1.5,106.95
15624,POS消费,地点118,食堂,2015/01/09 08:59:37,5.0,101.95
15624,POS消费,地点840,食堂,2015/01/09 11:16:12,4.0,97.95
15624,POS消费,地点1579,开水,2015/01/09 11:59:17,0.16,97.79
15624,POS消费,地点232,食堂,2015/01/09 17:15:16,11.0,86.79
15624,POS消费,地点192,超市,2015/01/09 17:35:11,3.3,83.49
15624,POS消费,地点1657,淋浴,2015/01/09 22:28:02,1.8,81.69
15624,POS消费,地点118,食堂,2015/01/10 09:02:18,4.0,77.69
15624,POS消费,地点21,开水,2015/01/10 11:02:01,5.0,72.69
15624,POS消费,地点232,食堂,2015/01/10 18:08:16,8.0,64.69
15624,POS消费,地点1997,食堂,2015/01/10 19:17:26,5.7,58.99
15624,POS消费,地点2114,淋浴,2015/01/10 22:34:40,1.1,57.89
15624,POS消费,地点1579,开水,2015/01/11 11:47:49,0.05,57.84
15624,POS消费,地点69,食堂,2015/01/11 12:06:42,6.6,51.24
15624,POS消费,地点21,开水,2015/01/11 12:19:44,3.0,48.24
15624,POS消费,地点232,食堂,2015/01/11 17:45:06,8.0,40.24
15624,POS消费,地点118,食堂,2015/01/12 08:55:22,5.0,35.24
15624,POS消费,地点188,超市,2015/01/12 11:34:33,7.5,27.74
15624,POS消费,地点88,食堂,2015/01/12 17:08:11,1.5,119.74
15624,POS消费,地点306,食堂,2015/01/12 17:10:49,6.5,121.24
15624,支付领取,,,2015/01/12 17:25:32,100.0,127.74
15624,POS消费,地点1642,淋浴,2015/01/12 23:01:42,0.1,119.64
15624,POS消费,地点1657,淋浴,2015/01/12 23:04:42,1.5,118.14
15624,POS消费,地点21,开水,2015/01/13 11:09:25,2.0,111.34
15624,POS消费,地点1997,食堂,2015/01/13 11:58:50,4.8,113.34
15624,POS消费,地点203,食堂,2015/01/14 11:07:34,6.5,104.84
15624,POS消费,地点88,食堂,2015/01/14 11:12:59,1.0,103.84
15624,POS消费,地点192,超市,2015/01/14 18:25:58,3.0,100.84
15624,POS消费,地点1657,淋浴,2015/01/14 21:04:32,1.8,99.04
15624,POS消费,地点72,食堂,2015/01/15 11:03:04,5.1,93.94
15624,POS消费,地点2119,食堂,2015/01/15 11:54:15,1.83,92.11
15624,POS消费,地点306,食堂,2015/01/16 11:45:43,13.0,79.11
15624,POS消费,地点2107,食堂,2015/01/16 12:42:40,3.0,76.11
15624,POS消费,地点232,食堂,2015/01/16 18:14:21,8.0,68.11
15624,POS消费,地点2114,淋浴,2015/01/16 22:26:03,1.3,66.81
15624,POS消费,地点21,开水,2015/01/17 10:38:40,13.1,53.71
15624,POS消费,地点1657,淋浴,2015/01/17 20:04:50,1.2,52.51
15624,POS消费,地点21,开水,2015/01/18 12:28:03,2.5,50.01
15624,POS消费,地点192,超市,2015/03/01 13:11:36,8.1,41.91
15624,POS消费,地点2172,文印中心,2015/03/01 13:41:33,1.6,40.31
15624,POS消费,地点72,食堂,2015/03/01 17:32:12,4.66,35.65
15624,POS消费,地点2114,淋浴,2015/03/01 21:20:00,0.7,34.95
15624,POS消费,地点2031,食堂,2015/03/02 07:43:04,2.4,32.55
15624,POS消费,地点91,校车,2015/03/02 12:06:50,6.0,26.55
15624,POS消费,地点91,校车,2015/03/02 12:07:44,2.5,24.05
15624,POS消费,地点21,开水,2015/03/02 12:31:34,30.0,294.05
15624,POS消费,地点21,开水,2015/03/02 12:31:38,30.0,264.05
15624,POS消费,地点21,开水,2015/03/02 12:31:42,7.5,256.55
15624,支付领取,,,2015/03/02 12:57:15,300.0,324.05
15624,POS消费,地点839,食堂,2015/03/02 17:45:03,3.96,251.19
15624,POS消费,地点2043,食堂,2015/03/02 18:48:41,1.4,255.15
15624,POS消费,地点1657,淋浴,2015/03/02 22:33:40,0.7,250.49
15624,POS消费,地点1657,淋浴,2015/03/02 22:35:49,0.1,250.39
15624,换卡,,,2015/03/03 09:09:48,0.0,0.0
15624,POS消费,地点184,食堂,2015/03/03 11:43:14,5.6,242.99
15624,POS消费,地点192,超市,2015/03/03 11:57:06,30.0,212.99
15624,POS消费,地点192,超市,2015/03/03 11:57:11,22.3,190.69
15624,POS消费,地点2119,食堂,2015/03/03 12:30:38,1.8,248.59
15624,POS消费,地点1155,食堂,2015/03/03 14:17:59,1.5,189.19
15624,POS消费,地点232,食堂,2015/03/03 17:41:01,6.0,183.19
15624,POS消费,地点61,食堂,2015/03/04 07:05:10,3.0,180.19
15624,POS消费,地点144,食堂,2015/03/04 11:55:35,4.6,175.59
15624,POS消费,地点2151,食堂,2015/03/04 12:25:20,0.35,175.24
15624,POS消费,地点61,食堂,2015/03/04 17:45:29,6.6,168.64
15624,POS消费,地点2114,淋浴,2015/03/04 22:39:21,0.8,167.84
15624,POS消费,地点61,食堂,2015/03/05 08:27:18,3.4,164.44
15624,POS消费,地点72,食堂,2015/03/05 12:00:57,4.6,159.84
15624,POS消费,地点1451,校车,2015/03/05 14:25:00,1.0,158.84
15624,POS消费,地点1451,校车,2015/03/05 15:46:10,1.0,157.84
15624,POS消费,地点1579,开水,2015/03/05 17:10:43,0.15,157.69
15624,POS消费,地点1579,开水,2015/03/05 20:42:45,0.07,157.62
15624,POS消费,地点286,食堂,2015/03/06 11:59:16,1.0,156.62
15624,POS消费,地点2171,食堂,2015/03/06 12:55:42,6.0,150.62
15624,POS消费,地点1997,食堂,2015/03/06 18:44:44,4.6,146.02
15624,POS消费,地点1657,淋浴,2015/03/06 23:11:50,1.2,144.82
15624,POS消费,地点306,食堂,2015/03/07 11:47:56,6.5,138.32
15624,POS消费,地点203,食堂,2015/03/07 11:48:32,7.1,131.22
15624,POS消费,地点88,食堂,2015/03/07 11:56:24,0.35,130.87
15624,POS消费,地点232,食堂,2015/03/08 12:32:03,9.5,121.37
15624,POS消费,地点1579,开水,2015/03/08 18:50:59,0.08,121.29
15624,POS消费,地点2114,淋浴,2015/03/08 21:52:05,1.3,119.99
15624,POS消费,地点2043,食堂,2015/03/09 08:46:06,3.6,116.39
15624,POS消费,地点232,食堂,2015/03/09 12:13:15,8.0,108.39
15624,POS消费,地点192,超市,2015/03/09 14:18:00,2.8,105.59
15624,POS消费,地点105,食堂,2015/03/09 17:50:18,2.0,102.59
15624,POS消费,地点286,食堂,2015/03/09 18:01:48,1.0,104.59
15624,POS消费,地点1686,食堂,2015/03/09 18:02:09,3.0,99.59
15624,POS消费,地点26,图书馆,2015/03/09 18:19:54,3.3,95.94
15624,POS消费,地点2151,食堂,2015/03/09 18:26:52,0.35,99.24
15624,POS消费,地点72,食堂,2015/03/10 11:52:21,6.1,89.84
15624,POS消费,地点21,开水,2015/03/10 14:14:31,1.9,87.94
15624,POS消费,地点1997,食堂,2015/03/10 18:46:06,4.6,83.34
15624,POS消费,地点2114,淋浴,2015/03/10 22:32:00,0.9,82.44
15624,POS消费,地点72,食堂,2015/03/11 07:07:58,3.8,78.64
15624,POS消费,地点72,食堂,2015/03/11 12:04:01,4.6,74.04
15624,POS消费,地点1448,校车,2015/03/11 17:26:37,1.0,73.04
15624,POS消费,地点72,食堂,2015/03/11 17:55:59,5.1,67.94
15624,POS消费,地点1579,开水,2015/03/11 18:50:32,0.04,67.9
15624,POS消费,地点1997,食堂,2015/03/12 09:25:59,3.5,64.4
15624,POS消费,地点192,超市,2015/03/12 09:56:09,1.9,62.5
15624,POS消费,地点839,食堂,2015/03/12 11:47:51,5.58,54.82
15624,POS消费,地点245,食堂,2015/03/12 11:51:26,2.1,60.4
15624,POS消费,地点262,食堂,2015/03/12 16:55:17,4.0,50.82
15624,POS消费,地点2119,食堂,2015/03/12 17:50:44,1.8,49.02
15624,POS消费,地点1657,淋浴,2015/03/12 20:59:06,1.5,47.52
15624,POS消费,地点61,食堂,2015/03/13 07:14:00,2.6,44.92
15624,POS消费,地点525,食堂,2015/03/13 11:43:58,5.6,39.32
15624,POS消费,地点2043,食堂,2015/03/13 12:46:16,1.0,38.32
15624,POS消费,地点72,食堂,2015/03/13 17:59:27,4.6,33.72
15624,POS消费,地点21,开水,2015/03/13 18:14:09,3.0,30.72
15624,POS消费,地点1657,淋浴,2015/03/13 21:52:59,0.8,29.92
15624,POS消费,地点1579,开水,2015/03/13 22:06:30,0.15,29.77
15624,POS消费,地点69,食堂,2015/03/14 17:19:27,4.6,25.17
15624,POS消费,地点21,开水,2015/03/14 20:57:00,3.3,21.87
15624,POS消费,地点2114,淋浴,2015/03/14 22:05:41,1.1,20.77
15624,POS消费,地点161,食堂,2015/03/15 11:27:09,5.7,15.07
15624,支付领取,,,2015/03/15 12:10:32,100.0,115.07
15624,POS消费,地点1579,开水,2015/03/15 17:21:22,0.01,115.06
15624,POS消费,地点21,开水,2015/03/15 21:09:52,3.4,111.66
15624,POS消费,地点1657,淋浴,2015/03/15 21:57:03,1.1,110.56
15624,POS消费,地点2043,食堂,2015/03/16 08:46:15,3.6,106.96
15624,POS消费,地点91,校车,2015/03/16 12:09:19,8.0,98.96
15624,POS消费,地点59,食堂,2015/03/16 18:02:12,1.5,92.46
15624,POS消费,地点253,食堂,2015/03/16 18:05:35,5.0,93.96
15624,POS消费,地点21,开水,2015/03/16 21:06:29,1.9,90.56
15624,POS消费,地点1657,淋浴,2015/03/16 21:53:18,1.0,89.56
15624,POS消费,地点266,食堂,2015/03/17 07:18:02,3.3,86.26
15624,POS消费,地点253,食堂,2015/03/17 11:42:20,5.7,80.56
15624,POS消费,地点260,食堂,2015/03/17 11:46:33,2.0,78.56
15624,POS消费,地点72,食堂,2015/03/17 17:37:32,4.6,73.96
15624,POS消费,地点1579,开水,2015/03/17 22:26:24,0.04,73.92
15624,POS消费,地点118,食堂,2015/03/18 07:12:49,5.0,68.92
15624,POS消费,地点105,食堂,2015/03/18 11:48:12,3.0,64.92
15624,POS消费,地点1686,食堂,2015/03/18 11:59:56,6.0,58.92
15624,POS消费,地点286,食堂,2015/03/18 12:00:20,1.0,67.92
15624,POS消费,地点72,食堂,2015/03/18 17:40:10,4.0,54.92
15624,POS消费,地点72,食堂,2015/03/18 17:40:14,0.6,54.32
15624,POS消费,地点1657,淋浴,2015/03/18 23:48:17,0.6,53.72
15624,POS消费,地点1657,淋浴,2015/03/18 23:48:51,0.2,53.52
15624,POS消费,地点820,食堂,2015/03/19 08:21:09,3.4,50.12
15624,POS消费,地点1997,食堂,2015/03/19 13:06:22,4.6,45.52
15624,POS消费,地点232,食堂,2015/03/19 17:59:52,8.0,37.52
15624,POS消费,地点26,图书馆,2015/03/19 21:40:33,5.2,32.32
15624,POS消费,地点1659,淋浴,2015/03/19 22:16:20,0.9,31.42
15624,POS消费,地点72,食堂,2015/03/20 07:09:56,2.6,28.82
15624,POS消费,地点267,食堂,2015/03/20 11:58:20,8.0,19.82
15624,POS消费,地点2151,食堂,2015/03/20 11:58:48,0.35,19.47
15624,POS消费,地点286,食堂,2015/03/20 11:59:11,1.0,27.82
15624,POS消费,地点203,食堂,2015/03/20 18:10:01,10.0,9.47
15624,POS消费,地点1657,淋浴,2015/03/20 22:47:16,0.3,8.37
15624,POS消费,地点1657,淋浴,2015/03/20 22:47:18,0.8,8.67
15624,支付领取,,,2015/03/21 12:26:32,100.0,108.37
15624,POS消费,地点1997,食堂,2015/03/21 13:01:04,4.6,103.77
15624,POS消费,地点232,食堂,2015/03/21 17:50:02,8.0,95.77
15624,POS消费,地点2114,淋浴,2015/03/21 21:56:35,1.1,94.67
15624,POS消费,地点1579,开水,2015/03/22 08:17:37,0.04,94.63
15624,POS消费,地点192,超市,2015/03/22 08:42:17,3.0,91.63
15624,POS消费,地点247,食堂,2015/03/22 11:33:06,10.0,81.63
15624,POS消费,地点306,食堂,2015/03/22 17:56:17,6.5,75.13
15624,POS消费,地点304,超市,2015/03/22 22:05:04,1.9,73.23
15624,POS消费,地点1579,开水,2015/03/22 23:02:05,0.04,73.19
15624,POS消费,地点2031,食堂,2015/03/23 07:55:48,3.65,69.54
15624,POS消费,地点21,开水,2015/03/23 12:09:14,12.0,57.54
15624,POS消费,地点1997,食堂,2015/03/23 19:07:47,4.6,52.94
15624,POS消费,地点1642,淋浴,2015/03/23 22:23:38,0.1,52.84
15624,POS消费,地点2114,淋浴,2015/03/23 22:36:05,1.0,51.84
15624,POS消费,地点239,食堂,2015/03/24 12:02:58,5.7,46.14
15624,POS消费,地点260,食堂,2015/03/24 12:06:29,4.0,42.14
15624,支付领取,,,2015/03/24 16:49:45,100.0,142.14
15624,POS消费,地点72,食堂,2015/03/24 17:35:31,4.6,137.54
15624,POS消费,地点192,超市,2015/03/24 17:50:33,27.3,110.24
15624,POS消费,地点792,开水,2015/03/25 07:30:41,0.01,110.23
15624,POS消费,地点203,食堂,2015/03/25 17:54:32,6.5,97.73
15624,POS消费,地点2114,淋浴,2015/03/25 23:29:34,0.8,96.93
15624,POS消费,地点192,超市,2015/03/26 10:04:52,3.0,93.93
15624,POS消费,地点65,食堂,2015/03/26 12:01:31,4.6,89.33
15624,POS消费,地点232,食堂,2015/03/26 18:56:33,7.5,81.83
15624,POS消费,地点1579,开水,2015/03/26 22:45:13,0.06,81.77
15624,POS消费,地点266,食堂,2015/03/27 07:17:25,3.0,78.77
15624,POS消费,地点790,开水,2015/03/27 08:21:19,0.02,78.75
15624,POS消费,地点105,食堂,2015/03/27 11:47:56,3.0,74.75
15624,POS消费,地点1686,食堂,2015/03/27 11:58:57,2.0,72.75
15624,POS消费,地点286,食堂,2015/03/27 12:00:10,1.0,77.75
15624,POS消费,地点203,食堂,2015/03/27 17:58:32,6.5,66.25
15624,POS消费,地点1657,淋浴,2015/03/27 22:15:39,1.3,64.95
15624,POS消费,地点1997,食堂,2015/03/28 09:44:11,2.6,62.35
15624,POS消费,地点996,图书馆,2015/03/28 15:17:55,13.0,49.35
15624,POS消费,地点192,超市,2015/03/28 21:17:42,8.0,41.35
15624,POS消费,地点1659,淋浴,2015/03/28 22:43:29,0.7,40.65
15624,POS消费,地点1892,洗衣房,2015/03/29 07:48:47,3.6,37.05
15624,POS消费,地点61,食堂,2015/03/29 08:58:12,1.83,35.22
15624,POS消费,地点232,食堂,2015/03/29 17:50:28,3.0,32.22
15624,,,,2015/03/29 21:49:19,10.0,22.22
15624,POS消费,地点1659,淋浴,2015/03/29 23:09:10,0.8,21.42
15624,POS消费,地点91,校车,2015/03/30 07:46:26,2.8,118.62
15624,支付领取,,,2015/03/30 08:21:24,100.0,121.42
15624,POS消费,地点91,校车,2015/03/30 12:05:04,8.0,110.62
15624,POS消费,地点1686,食堂,2015/03/30 18:01:27,2.5,107.12
15624,POS消费,地点286,食堂,2015/03/30 18:02:57,1.0,109.62
15624,POS消费,地点1579,开水,2015/03/30 18:26:20,0.07,101.05
15624,POS消费,地点2171,食堂,2015/03/30 19:03:52,6.0,101.12
15624,POS消费,地点1659,淋浴,2015/03/30 23:14:21,0.1,100.95
15624,POS消费,地点2114,淋浴,2015/03/30 23:39:21,0.8,100.15
15624,POS消费,地点794,开水,2015/03/31 07:29:25,0.01,97.54
15624,POS消费,地点1997,食堂,2015/03/31 08:16:35,2.6,97.55
15624,POS消费,地点192,超市,2015/03/31 10:17:30,23.8,73.74
15624,POS消费,地点237,食堂,2015/03/31 11:38:31,4.6,69.14
15624,POS消费,地点304,超市,2015/03/31 13:30:04,3.0,66.14
15624,POS消费,地点91,校车,2015/03/31 18:14:59,6.0,60.14
15624,POS消费,地点1579,开水,2015/03/31 19:04:10,0.02,60.12
15624,POS消费,地点61,食堂,2015/04/01 07:08:52,3.0,57.12
15624,POS消费,地点794,开水,2015/04/01 07:33:48,0.01,57.11
15624,POS消费,地点286,食堂,2015/04/01 12:02:44,1.0,56.11
15624,POS消费,地点2151,食堂,2015/04/01 12:05:44,1.8,49.31
15624,POS消费,地点2273,食堂,2015/04/01 13:04:27,5.0,51.11
15624,POS消费,地点1659,淋浴,2015/04/01 23:48:30,0.7,48.61
15624,POS消费,地点72,食堂,2015/04/02 08:23:43,5.4,43.21
15624,POS消费,地点91,校车,2015/04/02 11:59:04,8.0,35.21
15624,POS消费,地点247,食堂,2015/04/02 18:34:03,10.0,25.21
15624,POS消费,地点2114,淋浴,2015/04/02 21:50:38,0.9,24.31
15624,POS消费,地点61,食堂,2015/04/03 07:13:16,2.8,121.51
15624,POS消费,地点794,开水,2015/04/03 07:38:19,0.01,121.5
15624,支付领取,,,2015/04/03 07:47:40,100.0,124.31
15624,POS消费,地点839,食堂,2015/04/03 11:49:45,5.1,116.4
15624,POS消费,地点245,食堂,2015/04/03 11:55:42,1.5,114.9
15624,POS消费,地点257,食堂,2015/04/03 12:16:03,5.0,109.9
15624,POS消费,地点219,超市,2015/04/03 15:56:59,4.0,105.9
15624,POS消费,地点219,超市,2015/04/03 15:57:52,4.0,101.9
15624,POS消费,地点21,开水,2015/04/03 20:36:24,30.0,71.9
15624,POS消费,地点21,开水,2015/04/03 20:36:29,15.6,56.3
15624,POS消费,地点1657,淋浴,2015/04/03 22:35:03,1.1,55.2
15624,POS消费,地点1997,食堂,2015/04/04 08:34:55,3.4,51.8
15624,POS消费,地点1996,校车,2015/04/04 16:40:49,1.0,50.8
15624,POS消费,地点203,食堂,2015/04/04 17:52:32,6.5,44.3
15624,POS消费,地点88,食堂,2015/04/04 18:01:23,1.85,42.45
15624,POS消费,地点21,开水,2015/04/04 18:11:03,8.5,33.95
15624,POS消费,地点2114,淋浴,2015/04/04 23:33:41,0.9,33.05
15624,POS消费,地点816,校车,2015/04/05 11:45:44,1.0,32.05
15624,POS消费,地点1447,校车,2015/04/05 12:55:57,1.0,31.05
15624,支付领取,,,2015/04/05 14:05:58,200.0,231.05
15624,POS消费,地点203,食堂,2015/04/05 17:53:04,6.5,224.55
15624,POS消费,地点1659,淋浴,2015/04/06 00:28:59,0.8,223.75
15624,POS消费,地点182,食堂,2015/04/06 11:55:17,5.6,218.15
15624,POS消费,地点306,食堂,2015/04/06 18:02:13,6.5,211.65
15624,POS消费,地点1155,食堂,2015/04/07 07:25:22,4.0,207.65
15624,POS消费,地点1579,开水,2015/04/07 12:32:04,0.01,207.64
15624,POS消费,地点232,食堂,2015/04/07 17:56:34,8.0,199.64
15624,POS消费,地点232,食堂,2015/04/07 17:57:10,8.0,191.64
15624,POS消费,地点1657,淋浴,2015/04/08 06:43:59,1.3,190.34
15624,POS消费,地点1997,食堂,2015/04/08 08:16:51,2.6,187.74
15624,POS消费,地点105,食堂,2015/04/08 11:48:56,6.0,180.74
15624,POS消费,地点844,食堂,2015/04/08 12:00:02,0.5,180.24
15624,POS消费,地点286,食堂,2015/04/08 12:00:56,1.0,186.74
15624,POS消费,地点239,食堂,2015/04/08 17:55:02,4.9,175.34
15624,POS消费,地点260,食堂,2015/04/08 17:55:44,1.0,174.34
15624,POS消费,地点792,开水,2015/04/09 07:36:51,0.01,174.33
15624,POS消费,地点161,食堂,2015/04/09 08:23:05,2.6,171.73
15624,POS消费,地点21,开水,2015/04/09 12:09:56,1.5,165.63
15624,POS消费,地点1997,食堂,2015/04/09 13:07:35,4.6,167.13
15624,POS消费,地点2114,淋浴,2015/04/09 21:54:46,1.1,164.53
15624,POS消费,地点1155,食堂,2015/04/10 07:25:01,5.0,159.53
15624,POS消费,地点794,开水,2015/04/10 07:34:36,0.01,159.52
15624,POS消费,地点2151,食堂,2015/04/10 12:06:55,3.35,156.17
15624,POS消费,地点203,食堂,2015/04/10 16:43:05,6.5,149.67
15624,POS消费,地点1961,超市,2015/04/10 17:01:27,1.5,148.17
15624,POS消费,地点1659,淋浴,2015/04/10 21:57:22,0.9,147.27
15624,POS消费,地点91,校车,2015/04/11 11:07:19,8.0,139.27
15624,POS消费,地点91,校车,2015/04/11 11:08:06,6.5,132.77
15624,POS消费,地点306,食堂,2015/04/11 17:42:41,6.5,126.27
15624,POS消费,地点1579,开水,2015/04/11 23:05:04,0.08,126.19
15624,POS消费,地点1406,淋浴,2015/04/12 21:20:14,1.3,124.89
15624,POS消费,地点268,食堂,2015/04/13 07:43:11,3.0,121.89
15624,POS消费,地点268,食堂,2015/04/13 07:43:15,0.8,121.09
15624,POS消费,地点844,食堂,2015/04/13 12:01:13,0.7,117.39
15624,POS消费,地点2151,食堂,2015/04/13 12:07:06,3.0,118.09
15624,POS消费,地点105,食堂,2015/04/13 17:48:36,3.0,113.39
15624,POS消费,地点1686,食堂,2015/04/13 17:59:52,3.0,110.39
15624,POS消费,地点286,食堂,2015/04/13 18:01:20,1.0,116.39
15624,POS消费,地点792,开水,2015/04/14 07:30:16,0.01,108.08
15624,POS消费,地点1997,食堂,2015/04/14 08:22:07,2.3,108.09
15624,POS消费,地点1683,食堂,2015/04/14 10:14:16,15.0,93.08
15624,POS消费,地点253,食堂,2015/04/14 11:47:03,4.4,88.68
15624,POS消费,地点59,食堂,2015/04/14 11:48:27,1.5,87.18
15624,POS消费,地点21,开水,2015/04/14 12:01:59,18.6,68.58
15624,POS消费,地点72,食堂,2015/04/14 17:56:09,5.1,63.48
15624,POS消费,地点72,食堂,2015/04/14 17:56:35,5.1,58.38
15624,POS消费,地点1657,淋浴,2015/04/15 06:48:47,1.5,56.88
15624,POS消费,地点1997,食堂,2015/04/15 08:20:57,3.4,53.48
15624,POS消费,地点838,食堂,2015/04/15 12:00:04,5.0,47.48
15624,POS消费,地点844,食堂,2015/04/15 12:00:41,0.35,47.13
15624,POS消费,地点286,食堂,2015/04/15 12:01:33,1.0,52.48
15624,POS消费,地点91,校车,2015/04/15 18:12:20,6.0,41.13
15624,POS消费,地点1657,淋浴,2015/04/16 06:48:00,1.4,39.73
15624,POS消费,地点72,食堂,2015/04/16 07:09:46,2.6,37.13
15624,POS消费,地点792,开水,2015/04/16 07:30:00,0.01,37.12
15624,POS消费,地点91,校车,2015/04/16 11:57:56,6.0,31.12
15624,POS消费,地点91,校车,2015/04/16 17:43:33,6.0,25.12
15624,POS消费,地点1657,淋浴,2015/04/17 06:45:04,1.2,23.92
15624,POS消费,地点792,开水,2015/04/17 07:28:01,0.01,19.41
15624,POS消费,地点2043,食堂,2015/04/17 08:12:21,4.5,19.42
15624,POS消费,地点838,食堂,2015/04/17 12:03:28,7.0,11.41
15624,POS消费,地点844,食堂,2015/04/17 12:04:19,0.35,11.06
15624,POS消费,地点286,食堂,2015/04/17 12:05:10,1.0,18.41
15624,POS消费,地点21,开水,2015/04/17 12:38:05,3.3,7.76
15624,POS消费,地点219,超市,2015/04/17 13:53:59,4.0,3.76
15624,POS消费,地点304,超市,2015/04/17 16:07:30,1.5,2.26
15624,POS消费,地点232,食堂,2015/04/17 17:57:18,8.0,99.26
15624,POS消费,地点21,开水,2015/04/17 18:12:36,3.0,96.26
15624,支付领取,,,2015/04/17 18:34:06,100.0,102.26
15624,支付领取,,,2015/04/17 18:34:15,5.0,107.26
15624,POS消费,地点1657,淋浴,2015/04/17 23:39:14,0.8,95.46
15624,POS消费,地点1892,洗衣房,2015/04/18 09:58:53,3.6,91.86
15624,POS消费,地点253,食堂,2015/04/18 11:33:40,5.2,86.66
15624,POS消费,地点237,食堂,2015/04/18 11:34:50,1.0,85.66
15624,POS消费,地点1448,校车,2015/04/18 18:49:16,1.0,84.66
15624,POS消费,地点1657,淋浴,2015/04/19 10:38:31,1.5,83.16
15624,POS消费,地点1579,开水,2015/04/20 07:19:20,0.01,83.15
15624,POS消费,地点840,食堂,2015/04/20 07:40:30,3.0,80.15
15624,POS消费,地点232,食堂,2015/04/20 12:07:54,6.0,74.15
15624,POS消费,地点105,食堂,2015/04/20 17:49:16,3.0,70.15
15624,POS消费,地点286,食堂,2015/04/20 18:02:13,1.0,73.15
15624,POS消费,地点844,食堂,2015/04/20 18:02:49,1.95,65.2
15624,POS消费,地点1683,食堂,2015/04/20 18:18:57,20.0,45.2
15624,POS消费,地点2171,食堂,2015/04/20 19:07:23,3.0,67.15
15624,POS消费,地点21,开水,2015/04/20 21:43:06,9.66,35.54
15624,POS消费,地点1657,淋浴,2015/04/21 06:49:20,1.5,34.04
15624,POS消费,地点91,校车,2015/04/21 07:16:16,2.8,31.24
15624,POS消费,地点21,开水,2015/04/21 07:22:21,2.0,29.24
15624,POS消费,地点792,开水,2015/04/21 07:36:43,0.01,29.23
15624,POS消费,地点203,食堂,2015/04/21 11:56:28,6.5,22.73
15624,支付领取,,,2015/04/21 12:51:46,100.0,122.73
15624,POS消费,地点21,开水,2015/04/21 16:15:06,1.0,121.73
15624,POS消费,地点227,食堂,2015/04/21 17:22:49,5.6,116.13
15624,POS消费,地点1155,食堂,2015/04/22 07:27:08,4.0,112.13
15624,POS消费,地点794,开水,2015/04/22 07:40:38,0.01,112.12
15624,POS消费,地点838,食堂,2015/04/22 11:58:41,6.0,105.12
15624,POS消费,地点844,食堂,2015/04/22 11:59:11,0.5,104.62
15624,POS消费,地点286,食堂,2015/04/22 12:00:41,1.0,111.12
15624,POS消费,地点188,超市,2015/04/22 12:18:37,17.8,86.82
15624,POS消费,地点192,超市,2015/04/22 19:08:02,3.0,83.82
15624,POS消费,地点1657,淋浴,2015/04/23 06:50:00,1.6,82.22
15624,POS消费,地点794,开水,2015/04/23 07:43:02,0.01,82.21
15624,POS消费,地点188,超市,2015/04/23 08:24:09,5.0,77.21
15624,POS消费,地点844,食堂,2015/04/23 11:59:18,0.35,71.86
15624,POS消费,地点2171,食堂,2015/04/23 13:06:12,5.0,72.21
15624,POS消费,地点275,食堂,2015/04/23 18:20:08,10.0,61.86
15624,POS消费,地点1579,开水,2015/04/23 18:40:14,0.02,61.84
15624,POS消费,地点118,食堂,2015/04/24 07:29:41,5.0,56.84
15624,POS消费,地点794,开水,2015/04/24 08:35:08,0.01,56.83
15624,POS消费,地点225,食堂,2015/04/24 12:03:55,5.6,51.23
15624,POS消费,地点219,超市,2015/04/24 15:59:57,4.0,47.23
15624,POS消费,地点306,食堂,2015/04/24 18:05:34,6.5,40.73
15624,POS消费,地点1657,淋浴,2015/04/24 22:03:16,1.3,39.43
15624,POS消费,地点232,食堂,2015/04/25 11:13:40,8.0,31.43
15624,POS消费,地点21,开水,2015/04/25 11:33:26,3.0,128.43
15624,支付领取,,,2015/04/25 12:15:14,100.0,131.43
15624,POS消费,地点232,食堂,2015/04/25 17:53:27,8.0,120.43
15624,POS消费,地点91,校车,2015/04/26 11:30:24,6.0,114.43
15624,POS消费,地点1386,校车,2015/04/26 12:44:59,2.0,112.43
15624,POS消费,地点1456,校车,2015/04/26 19:19:32,2.0,110.43
15624,POS消费,地点21,开水,2015/04/26 20:41:08,8.3,102.13
15624,POS消费,地点2114,淋浴,2015/04/27 07:02:38,1.6,100.53
15624,POS消费,地点2031,食堂,2015/04/27 08:03:15,2.8,97.73
15624,POS消费,地点286,食堂,2015/04/27 17:58:30,1.0,96.73
15624,POS消费,地点838,食堂,2015/04/27 17:58:59,7.0,89.73
15624,POS消费,地点844,食堂,2015/04/27 17:59:46,0.35,89.38
15624,POS消费,地点1657,淋浴,2015/04/28 06:49:27,1.1,88.28
15624,POS消费,地点792,开水,2015/04/28 07:19:28,0.01,88.27
15624,POS消费,地点232,食堂,2015/04/28 11:37:22,8.0,80.27
15624,POS消费,地点306,食堂,2015/04/28 17:41:33,6.5,73.77
15624,POS消费,地点21,开水,2015/04/28 19:18:59,2.8,70.97
15624,POS消费,地点1657,淋浴,2015/04/29 06:47:51,0.2,69.67
15624,POS消费,地点1657,淋浴,2015/04/29 06:50:04,1.1,69.87
15624,POS消费,地点792,开水,2015/04/29 07:40:54,0.01,69.66
15624,POS消费,地点286,食堂,2015/04/29 11:13:01,1.0,68.66
15624,POS消费,地点838,食堂,2015/04/29 11:13:18,6.0,62.66
15624,POS消费,地点844,食堂,2015/04/29 11:13:37,1.15,61.51
15624,POS消费,地点192,超市,2015/04/29 16:11:13,14.9,46.61
15624,POS消费,地点1657,淋浴,2015/04/30 06:46:38,1.2,45.41
15624,POS消费,地点1657,淋浴,2015/04/30 06:47:57,0.1,45.31
15624,POS消费,地点69,食堂,2015/04/30 07:28:56,2.2,43.11
15624,POS消费,地点844,食堂,2015/05/04 11:59:49,0.35,39.76
15624,POS消费,地点2151,食堂,2015/05/04 12:10:13,3.0,40.11
15624,POS消费,地点1657,淋浴,2015/05/04 16:29:49,1.3,38.46
15624,POS消费,地点72,食堂,2015/05/04 18:00:12,4.6,133.86
15624,支付领取,,,2015/05/04 18:40:29,100.0,138.46
15624,POS消费,地点1155,食堂,2015/05/05 07:30:04,5.0,128.86
15624,POS消费,地点61,食堂,2015/05/05 11:35:39,4.6,124.26
15624,POS消费,地点203,食堂,2015/05/05 17:36:09,5.5,118.76
15624,POS消费,地点21,开水,2015/05/05 21:40:30,15.7,103.06
15624,POS消费,地点1657,淋浴,2015/05/06 06:47:41,1.3,101.76
15624,POS消费,地点61,食堂,2015/05/06 07:14:15,2.6,99.16
15624,POS消费,地点794,开水,2015/05/06 07:36:57,0.01,99.15
15624,POS消费,地点72,食堂,2015/05/06 11:24:48,5.1,94.05
15624,POS消费,地点840,食堂,2015/05/06 17:17:50,4.5,89.55
15624,POS消费,地点240,食堂,2015/05/06 17:21:10,0.35,89.2
15624,POS消费,地点2114,淋浴,2015/05/07 08:46:45,1.2,88.0
15624,POS消费,地点61,食堂,2015/05/07 11:59:45,5.4,82.6
15624,POS消费,地点21,开水,2015/05/07 12:12:35,5.5,77.1
15624,POS消费,地点61,食堂,2015/05/07 17:49:33,3.6,73.5
15624,POS消费,地点59,食堂,2015/05/07 17:51:11,1.5,72.0
15624,POS消费,地点61,食堂,2015/05/08 07:13:33,3.0,69.0
15624,POS消费,地点839,食堂,2015/05/08 11:47:46,4.2,64.8
15624,POS消费,地点245,食堂,2015/05/08 11:54:42,1.2,63.6
15624,POS消费,地点232,食堂,2015/05/08 18:05:22,8.0,55.6
15624,POS消费,地点91,校车,2015/05/09 11:22:31,8.0,47.6
15624,POS消费,地点21,开水,2015/05/09 14:47:55,6.0,41.6
15624,POS消费,地点1547,食堂,2015/05/09 17:06:35,4.0,37.6
15624,POS消费,地点1657,淋浴,2015/05/10 08:05:00,1.2,36.4
15624,POS消费,地点232,食堂,2015/05/10 11:27:47,8.0,28.4
15624,支付领取,,,2015/05/10 12:30:18,200.0,228.4
15624,POS消费,地点268,食堂,2015/05/11 07:42:29,3.6,224.8
15624,POS消费,地点844,食堂,2015/05/11 11:59:34,0.35,221.45
15624,POS消费,地点2151,食堂,2015/05/11 12:11:32,3.0,221.8
15624,POS消费,地点279,食堂,2015/05/11 17:52:40,4.6,216.85
15624,POS消费,地点245,食堂,2015/05/11 17:53:58,1.2,215.65
15624,POS消费,地点1657,淋浴,2015/05/11 22:14:21,0.9,214.75
15624,POS消费,地点792,开水,2015/05/12 07:46:01,0.01,214.74
15624,POS消费,地点72,食堂,2015/05/12 11:29:38,5.6,209.14
15624,POS消费,地点72,食堂,2015/05/12 11:30:04,6.1,203.04
15624,POS消费,地点26,图书馆,2015/05/12 16:15:36,11.4,191.64
15624,POS消费,地点203,食堂,2015/05/12 17:37:48,5.5,186.14
15624,POS消费,地点203,食堂,2015/05/12 17:37:54,0.6,185.54
15624,POS消费,地点188,超市,2015/05/12 21:32:39,3.0,182.54
15624,POS消费,地点2114,淋浴,2015/05/13 06:53:23,1.4,181.14
15624,POS消费,地点792,开水,2015/05/13 07:37:00,0.01,177.73
15624,POS消费,地点1997,食堂,2015/05/13 08:33:03,3.4,177.74
15624,POS消费,地点2277,食堂,2015/05/13 12:01:58,3.5,174.23
15624,POS消费,地点2119,食堂,2015/05/13 12:02:24,0.5,173.73
15624,POS消费,地点233,食堂,2015/05/13 17:40:09,4.6,169.13
15624,POS消费,地点21,开水,2015/05/13 17:52:25,2.5,166.63
15624,POS消费,地点1657,淋浴,2015/05/14 06:57:01,1.3,165.33
15624,POS消费,地点72,食堂,2015/05/14 07:14:06,3.0,162.33
15624,POS消费,地点792,开水,2015/05/14 07:37:01,0.01,162.32
15624,POS消费,地点69,食堂,2015/05/14 11:59:07,3.6,158.72
15624,POS消费,地点232,食堂,2015/05/14 18:11:20,8.0,150.72
15624,POS消费,地点1657,淋浴,2015/05/15 06:47:00,1.1,149.62
15624,POS消费,地点794,开水,2015/05/15 07:30:03,0.01,146.61
15624,POS消费,地点1997,食堂,2015/05/15 08:29:40,3.0,146.62
15624,POS消费,地点844,食堂,2015/05/15 11:57:02,1.15,142.46
15624,POS消费,地点2151,食堂,2015/05/15 12:10:01,3.0,143.61
15624,POS消费,地点219,超市,2015/05/15 15:12:22,2.0,140.46
15624,POS消费,地点171,食堂,2015/05/15 17:31:31,5.5,134.96
15624,POS消费,地点21,开水,2015/05/15 17:46:50,16.56,118.4
15624,POS消费,地点1659,淋浴,2015/05/15 22:20:01,1.1,117.3
15624,POS消费,地点1657,淋浴,2015/05/16 08:00:30,0.5,116.8
15624,POS消费,地点232,食堂,2015/05/16 11:05:29,8.0,108.8
15624,POS消费,地点91,校车,2015/05/16 11:14:30,2.0,106.8
15624,POS消费,地点242,食堂,2015/05/16 17:28:48,2.6,104.2
15624,POS消费,地点1657,淋浴,2015/05/17 08:30:01,1.2,103.0
15624,POS消费,地点182,食堂,2015/05/17 11:44:24,5.6,97.4
15624,POS消费,地点188,超市,2015/05/17 11:56:19,3.0,94.4
15624,POS消费,地点304,超市,2015/05/17 15:48:12,1.0,93.4
15624,POS消费,地点203,食堂,2015/05/17 17:45:09,7.1,86.3
15624,POS消费,地点188,超市,2015/05/17 21:26:54,7.0,79.3
15624,POS消费,地点1657,淋浴,2015/05/18 06:52:00,1.1,78.2
15624,POS消费,地点2031,食堂,2015/05/18 08:00:20,3.2,75.0
15624,POS消费,地点844,食堂,2015/05/18 11:59:49,0.35,71.65
15624,POS消费,地点2151,食堂,2015/05/18 12:13:31,3.0,72.0
15624,POS消费,地点286,食堂,2015/05/18 17:10:19,1.0,70.65
15624,POS消费,地点838,食堂,2015/05/18 17:10:20,6.0,64.65
15624,POS消费,地点844,食堂,2015/05/18 17:10:37,2.85,61.8
15624,POS消费,地点1657,淋浴,2015/05/19 06:51:00,1.2,60.6
15624,POS消费,地点21,开水,2015/05/19 08:28:20,5.4,55.2
15624,POS消费,地点251,食堂,2015/05/19 11:39:43,1.0,54.2
15624,POS消费,地点2277,食堂,2015/05/19 11:48:12,3.5,50.7
15624,POS消费,地点232,食堂,2015/05/19 17:50:40,8.0,42.7
15624,POS消费,地点1657,淋浴,2015/05/20 06:47:59,1.1,41.6
15624,POS消费,地点72,食堂,2015/05/20 07:11:01,2.8,38.8
15624,POS消费,地点792,开水,2015/05/20 07:31:07,0.01,38.79
15624,POS消费,地点203,食堂,2015/05/20 11:13:42,10.0,28.79
15624,POS消费,地点822,食堂,2015/05/20 11:14:51,7.4,21.39
15624,POS消费,地点238,食堂,2015/05/20 17:31:24,7.0,14.39
15624,POS消费,地点1657,淋浴,2015/05/21 06:43:15,1.2,13.19
15624,POS消费,地点792,开水,2015/05/21 07:40:13,0.01,9.78
15624,POS消费,地点1997,食堂,2015/05/21 08:34:26,3.4,9.79
15624,POS消费,地点245,食堂,2015/05/21 11:50:46,1.5,2.88
15624,POS消费,地点1368,食堂,2015/05/21 11:58:06,5.4,4.38
15624,支付领取,,,2015/05/21 13:02:59,100.0,102.88
15624,POS消费,地点203,食堂,2015/05/21 17:35:04,6.5,96.38
15624,POS消费,地点1657,淋浴,2015/05/22 06:47:58,1.3,95.08
15624,POS消费,地点72,食堂,2015/05/22 07:14:06,3.4,91.68
15624,POS消费,地点794,开水,2015/05/22 07:31:22,0.01,91.67
15624,POS消费,地点228,食堂,2015/05/22 11:19:06,6.5,85.17
15624,POS消费,地点246,食堂,2015/05/22 11:21:03,0.6,84.57
15624,POS消费,地点192,超市,2015/05/22 11:58:41,9.8,74.77
15624,POS消费,地点192,超市,2015/05/22 15:00:25,2.8,71.97
15624,POS消费,地点171,食堂,2015/05/22 17:35:50,5.5,66.47
15624,POS消费,地点1892,洗衣房,2015/05/23 06:41:29,3.6,62.87
15624,POS消费,地点1657,淋浴,2015/05/23 06:52:19,1.3,61.57
15624,POS消费,地点21,开水,2015/05/23 09:05:38,3.0,58.57
15624,POS消费,地点26,图书馆,2015/05/23 11:16:36,8.0,50.57
15624,POS消费,地点1657,淋浴,2015/05/24 08:10:00,1.4,49.17
15624,POS消费,地点253,食堂,2015/05/24 11:23:14,4.6,44.57
15624,POS消费,地点59,食堂,2015/05/24 11:24:45,1.5,43.07
15624,POS消费,地点232,食堂,2015/05/24 18:08:46,8.0,35.07
15624,POS消费,地点820,食堂,2015/05/25 07:49:25,3.0,32.07
15624,POS消费,地点91,校车,2015/05/25 12:07:22,6.0,26.07
15624,POS消费,地点61,食堂,2015/05/25 17:45:30,3.6,22.47
15624,POS消费,地点239,食堂,2015/05/25 17:45:47,3.6,18.87
15624,POS消费,地点1657,淋浴,2015/05/26 06:53:00,1.3,17.57
15624,POS消费,地点72,食堂,2015/05/26 07:17:22,4.2,13.37
15624,POS消费,地点792,开水,2015/05/26 07:33:01,0.01,113.36
15624,支付领取,,,2015/05/26 08:13:47,100.0,113.37
15624,POS消费,地点203,食堂,2015/05/26 11:49:07,6.5,106.86
15624,POS消费,地点232,食堂,2015/05/26 18:03:43,8.0,98.86
15624,POS消费,地点21,开水,2015/05/26 20:56:59,2.8,96.06
15624,POS消费,地点1657,淋浴,2015/05/27 06:47:59,1.3,94.76
15624,POS消费,地点792,开水,2015/05/27 07:33:00,0.01,91.75
15624,POS消费,地点1997,食堂,2015/05/27 08:37:53,3.0,91.76
15624,POS消费,地点247,食堂,2015/05/27 12:00:21,10.0,81.75
15624,POS消费,地点239,食堂,2015/05/27 17:27:57,5.0,76.75
15624,POS消费,地点59,食堂,2015/05/27 17:29:35,1.5,75.25
15624,POS消费,地点1657,淋浴,2015/05/28 06:54:01,1.0,74.25
15624,POS消费,地点1997,食堂,2015/05/28 08:38:04,3.7,70.55
15624,POS消费,地点232,食堂,2015/05/28 12:01:03,8.0,62.55
15624,POS消费,地点1657,淋浴,2015/05/29 06:53:02,1.4,61.15
15624,POS消费,地点72,食堂,2015/05/29 07:19:56,3.4,57.75
15624,POS消费,地点792,开水,2015/05/29 07:40:03,0.01,57.74
15624,POS消费,地点61,食堂,2015/05/29 11:34:31,3.6,54.14
15624,POS消费,地点239,食堂,2015/05/29 11:35:39,4.6,49.54
15624,POS消费,地点219,超市,2015/05/29 14:28:04,2.0,47.54
15624,POS消费,地点263,食堂,2015/05/29 17:58:50,6.6,40.94
15624,POS消费,地点1579,开水,2015/05/29 18:17:00,0.02,40.92
15624,POS消费,地点1657,淋浴,2015/05/30 08:19:03,1.4,39.52
15624,POS消费,地点192,超市,2015/05/30 08:46:46,3.0,36.52
15624,POS消费,地点1997,食堂,2015/05/30 13:00:14,4.6,31.92
15624,POS消费,地点2114,淋浴,2015/05/31 09:14:07,1.3,30.62
15624,POS消费,地点1892,洗衣房,2015/05/31 09:31:07,3.6,27.02
15624,POS消费,地点1892,洗衣房,2015/05/31 10:30:01,3.6,23.42
15624,POS消费,地点72,食堂,2015/05/31 11:32:29,5.1,18.32
15624,POS消费,地点239,食堂,2015/05/31 11:35:12,4.9,13.42
15624,POS消费,地点262,食堂,2015/05/31 11:37:30,1.5,11.92
15624,POS消费,地点21,开水,2015/05/31 11:48:25,30.0,81.92
15624,POS消费,地点21,开水,2015/05/31 11:48:28,14.8,67.12
15624,支付领取,,,2015/05/31 12:38:18,100.0,111.92
15624,POS消费,地点21,开水,2015/05/31 20:55:51,1.0,66.12
15624,POS消费,地点1657,淋浴,2015/06/01 06:50:01,1.3,64.82
15624,POS消费,地点60,食堂,2015/06/01 08:19:26,0.5,64.32
15624,POS消费,地点60,食堂,2015/06/01 08:19:47,0.2,64.12
15624,POS消费,地点91,校车,2015/06/01 11:15:49,6.0,58.12
15624,POS消费,地点72,食堂,2015/06/01 17:37:00,5.11,53.01
15624,POS消费,地点83,食堂,2015/06/01 17:46:14,3.0,50.01
15624,POS消费,地点1659,淋浴,2015/06/01 22:38:09,0.8,49.21
15624,POS消费,地点184,食堂,2015/06/02 08:19:59,2.8,46.41
15624,POS消费,地点69,食堂,2015/06/02 11:53:32,8.6,37.81
15624,POS消费,地点274,超市,2015/06/02 14:15:36,4.0,33.81
15624,POS消费,地点203,食堂,2015/06/02 17:47:36,5.5,228.31
15624,POS消费,地点188,超市,2015/06/02 18:00:14,22.8,205.51
15624,支付领取,,,2015/06/02 18:37:03,200.0,233.81
15624,POS消费,地点1657,淋浴,2015/06/03 06:04:26,0.9,204.61
15624,POS消费,地点1657,淋浴,2015/06/03 06:47:06,1.2,203.41
15624,POS消费,地点89,食堂,2015/06/03 07:17:07,3.0,200.41
15624,POS消费,地点89,食堂,2015/06/03 07:17:41,2.0,198.41
15624,POS消费,地点60,食堂,2015/06/03 07:21:14,0.9,197.51
15624,POS消费,地点839,食堂,2015/06/03 10:56:12,4.38,193.13
15624,POS消费,地点245,食堂,2015/06/03 11:03:09,1.5,191.63
15624,POS消费,地点1579,开水,2015/06/03 12:05:58,0.03,191.6
15624,POS消费,地点61,食堂,2015/06/03 17:48:22,3.6,188.0
15624,POS消费,地点2119,食堂,2015/06/03 17:56:35,0.38,187.62
15624,POS消费,地点21,开水,2015/06/03 22:05:58,15.3,172.32
15624,POS消费,地点1657,淋浴,2015/06/04 06:52:08,1.4,170.92
15624,POS消费,地点792,开水,2015/06/04 07:34:08,0.01,167.51
15624,POS消费,地点1997,食堂,2015/06/04 08:39:18,3.4,167.52
15624,POS消费,地点203,食堂,2015/06/04 12:06:15,6.5,161.01
15624,POS消费,地点307,食堂,2015/06/04 12:10:28,1.5,159.51
15624,POS消费,地点232,食堂,2015/06/04 17:37:41,8.0,151.51
15624,POS消费,地点1657,淋浴,2015/06/05 06:51:09,1.4,150.11
15624,POS消费,地点72,食堂,2015/06/05 07:16:39,2.4,147.71
15624,POS消费,地点792,开水,2015/06/05 07:45:10,0.01,147.7
15624,POS消费,地点274,超市,2015/06/05 10:18:22,5.9,141.8
15624,POS消费,地点21,开水,2015/06/05 16:04:10,1.5,140.3
15624,POS消费,地点1657,淋浴,2015/06/05 22:05:12,0.8,139.5
15624,POS消费,地点69,食堂,2015/06/06 11:05:53,8.6,130.9
15624,POS消费,地点192,超市,2015/06/06 11:32:47,30.0,100.9
15624,POS消费,地点192,超市,2015/06/06 11:32:52,3.2,97.7
15624,POS消费,地点232,食堂,2015/06/06 17:32:23,6.0,91.7
15624,POS消费,地点192,超市,2015/06/06 21:37:00,1.5,90.2
15624,POS消费,地点1659,淋浴,2015/06/06 22:49:13,0.9,89.3
15624,POS消费,地点253,食堂,2015/06/07 11:52:05,4.6,84.7
15624,POS消费,地点59,食堂,2015/06/07 11:53:52,1.5,83.2
15624,POS消费,地点61,食堂,2015/06/07 17:40:55,3.6,79.6
15624,POS消费,地点1657,淋浴,2015/06/08 06:58:15,1.3,78.3
15624,POS消费,地点840,食堂,2015/06/08 07:43:02,3.0,75.3
15624,POS消费,地点253,食堂,2015/06/08 11:18:14,4.7,70.6
15624,POS消费,地点260,食堂,2015/06/08 11:18:44,1.0,69.6
15624,POS消费,地点239,食堂,2015/06/08 18:01:09,4.8,64.8
15624,POS消费,地点237,食堂,2015/06/08 18:02:00,1.0,63.8
15624,POS消费,地点1657,淋浴,2015/06/09 06:47:00,1.4,62.4
15624,POS消费,地点72,食堂,2015/06/09 07:12:59,3.4,59.0
15624,POS消费,地点232,食堂,2015/06/09 11:43:36,8.0,51.0
15624,POS消费,地点61,食堂,2015/06/09 17:59:32,3.6,47.4
15624,POS消费,地点262,食堂,2015/06/09 18:00:35,2.0,45.4
15624,POS消费,地点192,超市,2015/06/09 22:01:26,2.5,42.9
15624,POS消费,地点1657,淋浴,2015/06/10 06:40:03,0.3,42.6
15624,POS消费,地点2114,淋浴,2015/06/10 07:06:03,1.2,41.4
15624,POS消费,地点72,食堂,2015/06/10 07:16:56,3.0,38.4
15624,POS消费,地点792,开水,2015/06/10 07:38:03,0.01,138.39
15624,支付领取,,,2015/06/10 08:18:11,100.0,138.4
15624,POS消费,地点838,食堂,2015/06/10 11:59:58,6.0,131.39
15624,POS消费,地点286,食堂,2015/06/10 12:00:02,1.0,137.39
15624,POS消费,地点844,食堂,2015/06/10 12:00:39,0.8,130.59
15624,POS消费,地点306,食堂,2015/06/10 17:38:46,6.5,124.09
15624,POS消费,地点2114,淋浴,2015/06/11 08:31:06,1.3,122.79
15624,POS消费,地点192,超市,2015/06/11 12:02:23,5.0,117.79
15624,POS消费,地点232,食堂,2015/06/11 18:05:07,8.0,109.79
15624,POS消费,地点1657,淋浴,2015/06/11 22:12:09,0.1,109.69
15624,POS消费,地点1657,淋浴,2015/06/11 22:19:09,0.3,109.39
15624,POS消费,地点792,开水,2015/06/12 07:41:07,0.01,105.38
15624,POS消费,地点1997,食堂,2015/06/12 08:47:49,4.0,105.39
15624,POS消费,地点2277,食堂,2015/06/12 11:51:38,4.5,100.88
15624,POS消费,地点2119,食堂,2015/06/12 11:52:47,0.35,100.53
15624,POS消费,地点188,超市,2015/06/12 15:34:45,3.4,97.13
15624,POS消费,地点2114,淋浴,2015/06/13 07:59:09,1.1,96.03
15624,POS消费,地点2114,淋浴,2015/06/14 07:58:15,1.1,94.93
15624,POS消费,地点1997,食堂,2015/06/14 13:22:07,4.0,90.93
15624,POS消费,地点1997,食堂,2015/06/14 13:22:10,0.6,90.33
15624,POS消费,地点91,校车,2015/06/15 12:04:10,8.0,82.33
15624,POS消费,地点239,食堂,2015/06/15 18:02:10,5.2,77.13
15624,POS消费,地点260,食堂,2015/06/15 18:03:12,1.0,76.13
15624,POS消费,地点2114,淋浴,2015/06/16 08:50:03,1.4,74.73
15624,POS消费,地点72,食堂,2015/06/16 17:52:17,5.1,69.63
15624,POS消费,地点1659,淋浴,2015/06/17 07:54:03,1.1,68.53
15624,POS消费,地点72,食堂,2015/06/17 08:15:25,3.4,65.13
15624,POS消费,地点72,食堂,2015/06/17 08:15:35,2.43,62.7
15624,POS消费,地点239,食堂,2015/06/17 11:35:13,5.4,57.3
15624,POS消费,地点242,食堂,2015/06/17 11:35:58,1.5,55.8
15624,POS消费,地点1406,淋浴,2015/06/18 08:11:03,1.1,54.5
15624,POS消费,地点1659,淋浴,2015/06/18 08:12:08,0.2,55.6
15624,POS消费,地点844,食堂,2015/06/18 11:59:11,1.15,50.35
15624,POS消费,地点192,超市,2015/06/18 12:14:38,3.3,47.05
15624,POS消费,地点2151,食堂,2015/06/18 12:19:44,3.0,51.5
15624,支付领取,,,2015/06/18 17:05:27,100.0,147.05
15624,,,,2015/06/18 17:06:40,20.0,127.05
15624,POS消费,地点69,食堂,2015/06/18 17:52:08,8.6,118.45
15624,POS消费,地点274,超市,2015/06/18 21:16:25,3.5,114.95
15624,POS消费,地点2114,淋浴,2015/06/19 07:50:08,1.2,113.75
15624,POS消费,地点72,食堂,2015/06/19 08:11:47,2.6,111.15
15624,POS消费,地点253,食堂,2015/06/19 11:45:46,4.2,106.95
15624,POS消费,地点262,食堂,2015/06/19 11:46:43,2.2,104.75
15624,POS消费,地点232,食堂,2015/06/19 18:12:01,8.0,96.75
15624,POS消费,地点2114,淋浴,2015/06/20 08:19:01,1.1,95.65
15624,POS消费,地点1659,淋浴,2015/06/21 08:34:04,0.1,95.35
15624,POS消费,地点2114,淋浴,2015/06/21 08:34:04,0.2,95.45
15624,POS消费,地点1365,淋浴,2015/06/21 08:35:19,1.5,93.85
15624,POS消费,地点69,食堂,2015/06/21 11:45:36,8.6,85.25
15624,POS消费,地点69,食堂,2015/06/21 11:45:47,8.4,76.85
15624,POS消费,地点21,开水,2015/06/21 12:03:55,3.0,73.85
15624,POS消费,地点816,校车,2015/06/21 16:31:34,1.0,72.85
15624,POS消费,地点1472,校车,2015/06/21 17:44:31,1.0,71.85
15624,POS消费,地点1642,淋浴,2015/06/21 22:03:05,0.2,71.65
15624,POS消费,地点1659,淋浴,2015/06/21 22:11:06,0.9,70.75
15624,POS消费,地点253,食堂,2015/06/22 12:00:39,4.6,66.15
15624,POS消费,地点237,食堂,2015/06/22 12:03:17,1.0,65.15
15624,POS消费,地点21,开水,2015/06/22 12:16:21,3.0,62.15
15624,POS消费,地点72,食堂,2015/06/22 17:14:18,5.1,57.05
15624,POS消费,地点1406,淋浴,2015/06/23 09:14:14,1.2,55.85
15624,POS消费,地点69,食堂,2015/06/23 12:01:50,8.6,47.25
15624,POS消费,地点91,校车,2015/06/23 17:53:02,6.0,41.25
15624,POS消费,地点1659,淋浴,2015/06/23 21:29:08,0.3,40.95
15624,POS消费,地点1406,淋浴,2015/06/23 21:29:13,0.8,40.15
15624,POS消费,地点203,食堂,2015/06/24 11:59:27,13.6,26.55
15624,POS消费,地点1451,校车,2015/06/24 16:01:31,1.0,20.75
15624,POS消费,地点1961,超市,2015/06/24 16:18:35,4.8,21.75
15624,POS消费,地点1406,淋浴,2015/06/25 08:21:06,0.8,19.95
15624,POS消费,地点1406,淋浴,2015/06/25 08:28:34,0.5,19.45
15624,POS消费,地点192,超市,2015/06/25 14:25:07,14.5,104.95
15624,支付领取,,,2015/06/25 15:19:53,100.0,119.45
15624,POS消费,地点21,开水,2015/06/25 20:59:42,6.6,98.35
15624,POS消费,地点1406,淋浴,2015/06/26 08:04:01,1.2,97.15
15624,POS消费,地点253,食堂,2015/06/26 11:53:40,5.2,91.95
15624,POS消费,地点260,食堂,2015/06/26 11:54:41,1.0,90.95
15624,POS消费,地点192,超市,2015/06/26 15:40:25,4.0,86.95
15624,POS消费,地点89,食堂,2015/06/26 17:34:54,4.5,82.45
15624,POS消费,地点1406,淋浴,2015/06/26 20:57:21,0.9,81.55
15624,POS消费,地点232,食堂,2015/06/27 11:38:59,6.0,75.55
15624,POS消费,地点232,食堂,2015/06/27 17:58:07,8.0,67.55
15624,POS消费,地点21,开水,2015/06/27 18:14:32,8.2,59.35
15624,POS消费,地点1406,淋浴,2015/06/27 22:26:22,0.7,58.65
15624,POS消费,地点239,食堂,2015/06/28 17:44:19,5.4,53.25
15624,POS消费,地点237,食堂,2015/06/28 17:46:08,1.0,52.25
15624,POS消费,地点1406,淋浴,2015/06/29 08:38:18,0.2,52.05
15624,POS消费,地点1406,淋浴,2015/06/29 08:40:25,1.1,50.95
15624,POS消费,地点274,超市,2015/06/29 12:04:30,16.6,34.35
15624,POS消费,地点61,食堂,2015/06/29 17:50:02,5.8,28.55
15624,POS消费,地点262,食堂,2015/06/29 18:03:39,0.53,28.02
15624,POS消费,地点304,超市,2015/06/29 21:09:27,4.0,24.02
15624,POS消费,地点1406,淋浴,2015/06/29 21:32:06,0.8,23.22
15624,POS消费,地点72,食堂,2015/06/30 07:58:14,1.9,21.32
15624,POS消费,地点91,校车,2015/06/30 12:25:24,6.0,215.32
15624,POS消费,地点91,校车,2015/06/30 12:25:48,6.5,208.82
15624,支付领取,,,2015/06/30 13:21:52,200.0,221.32
15624,POS消费,地点274,超市,2015/06/30 21:52:53,8.98,199.84
15624,POS消费,地点1406,淋浴,2015/07/01 08:22:17,1.3,198.54
15624,POS消费,地点232,食堂,2015/07/01 17:49:55,8.0,190.54
15624,POS消费,地点21,开水,2015/07/01 18:14:31,3.5,187.04
15624,POS消费,地点192,超市,2015/07/02 12:25:38,5.0,182.04
15624,POS消费,地点1406,淋浴,2015/07/03 09:01:45,1.2,180.84
15624,POS消费,地点232,食堂,2015/07/03 11:31:14,8.0,172.84
15624,POS消费,地点232,食堂,2015/07/03 11:32:01,-8.0,180.84
15624,POS消费,地点232,食堂,2015/07/03 11:32:23,8.0,172.84
15624,POS消费,地点91,校车,2015/07/03 11:35:55,1.5,171.34
15624,POS消费,地点91,校车,2015/07/03 11:48:22,6.5,164.84
15624,POS消费,地点69,食堂,2015/07/04 17:23:41,8.6,156.24
15624,POS消费,地点1406,淋浴,2015/07/05 08:45:23,1.1,155.14
15624,POS消费,地点232,食堂,2015/07/05 17:26:22,8.0,147.14
15624,POS消费,地点188,超市,2015/07/05 17:56:32,3.3,143.84
15624,POS消费,地点1021,淋浴,2015/07/05 21:34:43,0.8,143.04
15624,POS消费,地点274,超市,2015/07/06 11:24:42,5.0,138.04
15624,POS消费,地点232,食堂,2015/07/06 17:46:53,6.0,132.04
15624,POS消费,地点21,开水,2015/07/06 18:09:25,3.0,129.04
15624,POS消费,地点274,超市,2015/07/06 22:01:28,1.0,128.04
15624,POS消费,地点2180,淋浴,2015/07/07 08:38:26,1.2,126.84
15624,POS消费,地点309,食堂,2015/07/07 11:28:28,6.5,120.34
15624,POS消费,地点246,食堂,2015/07/07 11:31:04,0.6,119.74
15624,POS消费,地点61,食堂,2015/07/07 17:39:25,6.6,113.14
15624,POS消费,地点21,开水,2015/07/07 17:57:38,3.0,110.14
15624,POS消费,地点1659,淋浴,2015/07/07 22:18:01,0.7,109.44
15624,POS消费,地点262,食堂,2015/07/08 11:23:22,3.2,106.24
15624,POS消费,地点91,校车,2015/07/08 17:56:38,4.0,102.24
15624,POS消费,地点218,食堂,2015/07/08 18:13:39,1.8,100.44
15624,POS消费,地点1659,淋浴,2015/07/09 09:11:06,1.2,99.24
15624,POS消费,地点192,超市,2015/07/09 10:13:32,11.6,87.64
15624,POS消费,地点91,校车,2015/07/09 17:30:02,6.0,81.64
15624,POS消费,地点192,超市,2015/07/09 17:54:29,6.5,75.14
15624,POS消费,地点1642,淋浴,2015/07/09 23:41:11,0.8,74.34
15624,POS消费,地点61,食堂,2015/07/10 11:08:29,6.6,67.74
15624,POS消费,地点192,超市,2015/07/10 11:19:24,7.3,60.44
15624,POS消费,地点232,食堂,2015/07/10 18:03:19,8.0,52.44
15624,POS消费,地点1659,淋浴,2015/07/11 09:27:13,1.1,51.34
15624,支付领取,,,2015/07/11 10:41:29,100.0,151.34
15624,POS消费,地点239,食堂,2015/07/11 12:02:20,5.0,146.34
15624,POS消费,地点184,食堂,2015/07/11 12:03:17,1.0,145.34
15624,POS消费,地点203,食堂,2015/07/11 17:48:00,6.5,138.84
15624,POS消费,地点2114,淋浴,2015/07/12 08:40:48,0.2,138.64
15624,POS消费,地点1659,淋浴,2015/07/12 08:51:16,1.0,137.64
15624,POS消费,地点89,食堂,2015/07/12 11:47:52,4.5,133.14
15624,POS消费,地点89,食堂,2015/07/12 11:48:40,2.5,130.64
15624,POS消费,地点61,食堂,2015/07/12 17:43:16,6.4,124.24
15624,POS消费,地点61,食堂,2015/07/12 17:43:36,5.8,118.44
15624,POS消费,地点192,超市,2015/07/12 18:00:43,8.0,110.44
15624,POS消费,地点1659,淋浴,2015/07/12 23:24:21,1.0,109.44
15624,POS消费,地点1155,食堂,2015/07/13 08:36:01,5.0,104.44
15624,POS消费,地点188,超市,2015/07/13 11:33:36,6.9,97.54
15624,POS消费,地点232,食堂,2015/07/13 17:21:40,8.0,89.54
15624,POS消费,地点91,校车,2015/07/13 17:27:15,1.5,88.04
15624,POS消费,地点2114,淋浴,2015/07/13 22:46:22,0.8,87.24
15624,POS消费,地点72,食堂,2015/07/14 11:44:35,4.6,82.64
15624,POS消费,地点232,食堂,2015/07/14 18:03:30,8.0,74.64
15624,POS消费,地点1659,淋浴,2015/07/15 09:18:03,1.3,73.34
15624,POS消费,地点253,食堂,2015/07/15 11:48:34,5.2,68.14
15624,POS消费,地点237,食堂,2015/07/15 11:51:53,1.0,67.14
15624,POS消费,地点2277,食堂,2015/07/15 17:44:20,4.5,62.64
15624,POS消费,地点2119,食堂,2015/07/15 17:45:10,1.2,61.44
15624,POS消费,地点1659,淋浴,2015/07/15 22:26:05,0.9,60.54
15624,POS消费,地点1155,食堂,2015/07/16 08:26:50,5.0,55.54
15624,POS消费,地点1659,淋浴,2015/07/16 21:31:08,1.1,54.44
15624,POS消费,地点1472,校车,2015/08/30 17:23:12,1.0,53.44
15624,POS消费,地点1448,校车,2015/08/30 18:39:39,1.0,52.44
15624,POS消费,地点2114,淋浴,2015/08/31 09:50:05,0.1,52.34
15624,POS消费,地点253,食堂,2015/08/31 12:05:31,5.0,247.34
15624,POS消费,地点260,食堂,2015/08/31 12:09:43,1.0,246.34
15624,POS消费,地点1961,超市,2015/08/31 12:39:44,62.8,183.54
15624,支付领取,,,2015/08/31 13:18:09,200.0,252.34
15624,POS消费,地点27,教务处,2015/08/31 17:35:33,9.92,173.62
15624,POS消费,地点188,超市,2015/08/31 21:41:42,3.2,170.42
