6051,POS消费,地点103,食堂,2014/09/01 07:48:09,1.3,394.58
6051,POS消费,地点264,食堂,2014/09/01 11:53:26,5.6,388.98
6051,POS消费,地点218,食堂,2014/09/01 12:06:27,2.9,386.08
6051,POS消费,地点844,食堂,2014/09/01 17:49:28,5.8,380.28
6051,POS消费,地点1371,淋浴,2014/09/01 21:05:44,0.1,380.08
6051,POS消费,地点325,淋浴,2014/09/01 21:06:53,0.1,380.18
6051,POS消费,地点1371,淋浴,2014/09/01 21:14:36,0.6,379.48
6051,POS消费,地点70,食堂,2014/09/02 07:16:30,2.0,377.48
6051,POS消费,地点91,校车,2014/09/02 07:24:12,2.23,375.25
6051,POS消费,地点525,食堂,2014/09/02 11:44:39,3.2,372.05
6051,POS消费,地点91,校车,2014/09/02 17:44:23,4.2,367.85
6051,POS消费,地点257,食堂,2014/09/02 17:48:00,3.0,364.85
6051,POS消费,地点240,食堂,2014/09/03 07:00:36,3.0,360.75
6051,POS消费,地点240,食堂,2014/09/03 07:00:40,0.8,359.95
6051,POS消费,地点266,食堂,2014/09/03 11:26:09,5.4,354.55
6051,POS消费,地点257,食堂,2014/09/03 11:26:39,3.0,351.55
6051,POS消费,地点21,开水,2014/09/03 17:29:33,5.0,346.55
6051,POS消费,地点257,食堂,2014/09/03 17:32:29,3.0,343.55
6051,POS消费,地点485,淋浴,2014/09/03 21:22:35,0.2,343.35
6051,POS消费,地点485,淋浴,2014/09/03 21:24:12,0.1,343.25
6051,POS消费,地点485,淋浴,2014/09/03 21:30:04,0.1,343.15
6051,POS消费,地点927,淋浴,2014/09/03 21:30:11,0.5,342.65
6051,POS消费,地点842,食堂,2014/09/04 07:18:52,2.4,340.25
6051,POS消费,地点244,食堂,2014/09/04 11:20:17,4.2,336.05
6051,POS消费,地点257,食堂,2014/09/04 11:21:01,2.5,333.55
6051,POS消费,地点838,食堂,2014/09/04 17:21:36,4.2,329.35
6051,POS消费,地点257,食堂,2014/09/04 17:23:14,3.0,326.35
6051,POS消费,地点434,开水,2014/09/04 20:40:17,0.1,326.25
6051,POS消费,地点844,食堂,2014/09/05 07:34:15,2.0,323.65
6051,POS消费,地点279,食堂,2014/09/05 11:41:04,4.2,319.45
6051,POS消费,地点279,食堂,2014/09/05 11:41:14,4.2,315.25
6051,POS消费,地点257,食堂,2014/09/05 11:43:10,5.5,309.75
6051,POS消费,地点1371,淋浴,2014/09/05 21:42:46,1.6,308.15
6051,POS消费,地点240,食堂,2014/09/06 07:32:20,2.0,306.15
6051,POS消费,地点268,食堂,2014/09/06 11:49:50,5.4,300.75
6051,POS消费,地点257,食堂,2014/09/06 11:52:04,3.0,297.75
6051,POS消费,地点91,校车,2014/09/06 17:42:36,8.2,289.55
6051,POS消费,地点257,食堂,2014/09/06 17:46:10,3.0,286.55
6051,POS消费,地点434,开水,2014/09/06 20:29:36,0.1,286.45
6051,POS消费,地点485,淋浴,2014/09/06 21:07:52,0.6,285.85
6051,POS消费,地点240,食堂,2014/09/07 07:20:41,4.0,281.85
6051,POS消费,地点219,超市,2014/09/07 09:06:02,2.0,279.85
6051,POS消费,地点310,食堂,2014/09/07 11:32:14,5.2,274.65
6051,POS消费,地点286,食堂,2014/09/07 11:32:29,3.0,271.65
6051,POS消费,地点840,食堂,2014/09/07 17:36:09,8.2,263.45
6051,POS消费,地点257,食堂,2014/09/07 17:39:16,3.0,260.45
6051,POS消费,地点1371,淋浴,2014/09/07 21:20:17,0.6,259.75
6051,POS消费,地点1371,淋浴,2014/09/07 21:22:04,0.1,260.35
6051,POS消费,地点840,食堂,2014/09/08 07:22:48,2.63,257.12
6051,POS消费,地点841,食堂,2014/09/08 07:32:06,2.9,254.22
6051,POS消费,地点310,食堂,2014/09/08 11:32:25,7.4,246.82
6051,POS消费,地点820,食堂,2014/09/08 17:35:09,4.2,242.62
6051,POS消费,地点219,超市,2014/09/08 18:07:03,4.0,238.62
6051,POS消费,地点219,超市,2014/09/08 18:22:08,4.0,234.62
6051,POS消费,地点359,开水,2014/09/08 21:07:43,0.02,233.3
6051,POS消费,地点240,食堂,2014/09/09 07:08:27,2.6,230.7
6051,POS消费,地点240,食堂,2014/09/09 07:08:47,3.0,227.7
6051,POS消费,地点1686,食堂,2014/09/09 11:19:26,5.6,222.1
6051,POS消费,地点219,超市,2014/09/09 14:14:00,3.0,219.1
6051,POS消费,地点286,食堂,2014/09/09 17:16:14,3.0,216.1
6051,POS消费,地点257,食堂,2014/09/09 17:18:41,3.0,213.1
6051,POS消费,地点219,超市,2014/09/09 18:33:58,8.0,205.1
6051,POS消费,地点485,淋浴,2014/09/09 21:38:46,0.7,204.4
6051,POS消费,地点240,食堂,2014/09/10 07:10:33,2.6,201.8
6051,POS消费,地点267,食堂,2014/09/10 11:21:36,4.2,197.6
6051,POS消费,地点257,食堂,2014/09/10 11:28:09,3.0,194.6
6051,POS消费,地点2018,淋浴,2014/09/10 11:47:12,0.1,364.75
6051,POS消费,地点2018,淋浴,2014/09/10 11:47:18,1.0,363.75
6051,POS消费,地点2018,淋浴,2014/09/10 11:55:59,0.6,325.65
6051,POS消费,地点2018,淋浴,2014/09/10 12:08:50,1.3,233.32
6051,POS消费,地点219,超市,2014/09/10 14:16:34,1.0,193.6
6051,POS消费,地点842,食堂,2014/09/10 17:22:42,5.0,188.6
6051,POS消费,地点219,超市,2014/09/10 18:32:39,6.0,182.6
6051,POS消费,地点1371,淋浴,2014/09/10 21:18:38,0.7,181.9
6051,POS消费,地点240,食堂,2014/09/11 07:39:56,2.0,179.9
6051,POS消费,地点219,超市,2014/09/11 08:11:02,1.0,178.9
6051,POS消费,地点6,淋浴,2014/09/11 11:47:27,8.2,170.7
6051,POS消费,地点219,超市,2014/09/11 14:21:19,2.0,168.7
6051,POS消费,地点105,食堂,2014/09/11 17:50:25,3.5,165.2
6051,POS消费,地点286,食堂,2014/09/11 17:50:54,3.0,162.2
6051,POS消费,地点257,食堂,2014/09/11 17:52:57,3.0,159.2
6051,POS消费,地点378,淋浴,2014/09/11 21:41:34,1.4,157.8
6051,POS消费,地点240,食堂,2014/09/12 07:32:56,2.0,155.8
6051,POS消费,地点286,食堂,2014/09/12 11:19:04,5.0,150.8
6051,POS消费,地点257,食堂,2014/09/12 11:29:57,3.0,147.8
6051,POS消费,地点219,超市,2014/09/12 14:53:09,4.0,143.8
6051,POS消费,地点21,开水,2014/09/12 17:16:53,5.0,138.8
6051,POS消费,地点841,食堂,2014/09/12 17:49:03,4.0,134.8
6051,POS消费,地点1155,食堂,2014/09/12 20:17:08,8.8,126.0
6051,POS消费,地点21,开水,2014/09/12 20:27:50,3.0,123.0
6051,POS消费,地点378,淋浴,2014/09/12 22:00:07,0.7,122.3
6051,POS消费,地点1448,校车,2014/09/13 11:48:02,1.0,121.3
6051,POS消费,地点1448,校车,2014/09/13 11:48:08,1.0,120.3
6051,POS消费,地点1448,校车,2014/09/13 11:48:18,1.0,119.3
6051,POS消费,地点118,食堂,2014/09/13 12:09:31,11.5,107.8
6051,POS消费,地点1447,校车,2014/09/13 12:22:56,1.0,106.8
6051,POS消费,地点1447,校车,2014/09/13 12:23:02,1.0,105.8
6051,POS消费,地点1447,校车,2014/09/13 12:23:13,1.0,104.8
6051,卡充值,,,2014/09/13 17:03:06,300.0,404.8
6051,POS消费,地点1451,校车,2014/09/14 12:01:09,1.0,403.8
6051,POS消费,地点1451,校车,2014/09/14 13:21:58,1.0,402.8
6051,POS消费,地点1451,校车,2014/09/14 18:11:04,1.0,401.8
6051,POS消费,地点118,食堂,2014/09/14 18:15:00,4.5,397.3
6051,POS消费,地点485,淋浴,2014/09/14 19:34:34,1.8,395.5
6051,POS消费,地点485,淋浴,2014/09/15 20:42:19,0.8,394.7
6051,POS消费,地点65,食堂,2014/09/16 11:57:54,6.4,388.3
6051,POS消费,地点232,食堂,2014/09/16 18:03:42,5.5,382.8
6051,POS消费,地点118,食堂,2014/09/16 21:10:55,8.0,374.8
6051,POS消费,地点378,淋浴,2014/09/16 21:50:16,0.7,374.1
6051,POS消费,地点1293,洗衣房,2014/09/16 21:59:34,3.6,370.5
6051,POS消费,地点1293,洗衣房,2014/09/16 22:00:43,3.6,370.44
6051,POS消费,地点1293,洗衣房,2014/09/16 22:01:27,-3.54,374.04
6051,POS消费,地点972,食堂,2014/09/17 12:23:59,6.2,364.24
6051,POS消费,地点219,超市,2014/09/17 16:42:32,6.0,358.24
6051,POS消费,地点310,食堂,2014/09/17 17:44:12,6.0,351.74
6051,POS消费,地点286,食堂,2014/09/17 17:44:12,0.5,357.74
6051,POS消费,地点105,食堂,2014/09/17 17:45:34,3.0,348.74
6051,POS消费,地点257,食堂,2014/09/17 17:56:48,3.0,345.74
6051,POS消费,地点378,淋浴,2014/09/17 21:31:15,1.0,344.74
6051,POS消费,地点232,食堂,2014/09/18 08:07:54,3.3,341.44
6051,POS消费,地点6,淋浴,2014/09/18 11:59:53,5.2,336.24
6051,POS消费,地点21,开水,2014/09/18 12:18:39,3.0,333.24
6051,POS消费,地点118,食堂,2014/09/18 21:10:32,13.8,319.44
6051,POS消费,地点249,食堂,2014/09/19 12:22:32,7.0,312.44
6051,POS消费,地点21,开水,2014/09/19 18:24:46,5.0,307.44
6051,POS消费,地点258,食堂,2014/09/19 18:58:35,1.8,305.64
6051,POS消费,地点1293,洗衣房,2014/09/19 20:48:26,3.6,302.04
6051,POS消费,地点1293,洗衣房,2014/09/19 21:47:37,-0.06,302.1
6051,POS消费,地点1442,校车,2014/09/20 09:46:18,1.0,301.1
6051,POS消费,地点21,开水,2014/09/20 11:43:36,3.0,293.1
6051,POS消费,地点305,食堂,2014/09/20 11:45:37,5.0,296.1
6051,POS消费,地点195,超市,2014/09/20 14:53:45,6.8,286.3
6051,POS消费,地点485,淋浴,2014/09/20 21:05:07,0.1,286.0
6051,POS消费,地点378,淋浴,2014/09/20 21:06:10,0.8,285.2
6051,POS消费,地点485,淋浴,2014/09/20 21:08:50,0.2,286.1
6051,POS消费,地点232,食堂,2014/09/22 08:11:43,3.3,281.9
6051,POS消费,地点232,食堂,2014/09/22 08:11:59,2.6,279.3
6051,POS消费,地点21,开水,2014/09/22 10:44:17,16.3,263.0
6051,POS消费,地点91,校车,2014/09/22 18:10:39,5.5,257.5
6051,POS消费,地点314,食堂,2014/09/22 18:38:22,6.0,251.5
6051,POS消费,地点1371,淋浴,2014/09/22 22:13:02,0.6,250.9
6051,POS消费,地点485,淋浴,2014/09/22 22:24:58,0.7,250.2
6051,POS消费,地点21,开水,2014/09/23 07:25:37,4.3,245.9
6051,POS消费,地点272,食堂,2014/09/23 17:56:20,8.0,237.9
6051,POS消费,地点118,食堂,2014/09/23 21:12:16,6.2,231.7
6051,POS消费,地点21,开水,2014/09/24 08:26:06,2.0,229.7
6051,POS消费,地点21,开水,2014/09/24 08:26:09,9.0,220.7
6051,POS消费,地点21,开水,2014/09/24 08:26:17,0.9,228.8
6051,POS消费,地点249,食堂,2014/09/24 12:21:19,5.2,223.6
6051,POS消费,地点219,超市,2014/09/24 17:04:19,4.0,219.6
6051,POS消费,地点219,超市,2014/09/24 17:05:19,2.0,217.6
6051,POS消费,地点232,食堂,2014/09/24 17:43:01,5.0,212.6
6051,POS消费,地点1155,食堂,2014/09/24 19:12:00,1.5,211.1
6051,POS消费,地点118,食堂,2014/09/25 08:15:36,3.8,207.3
6051,POS消费,地点230,食堂,2014/09/25 12:20:09,4.5,202.8
6051,POS消费,地点314,食堂,2014/09/25 14:55:05,3.0,199.8
6051,POS消费,地点1447,校车,2014/09/25 15:09:45,1.0,198.8
6051,POS消费,地点65,食堂,2014/09/25 17:52:43,4.2,194.6
6051,POS消费,地点1155,食堂,2014/09/25 21:00:38,3.2,191.4
6051,POS消费,地点118,食堂,2014/09/26 07:49:27,6.2,185.2
6051,POS消费,地点21,开水,2014/09/26 09:52:39,3.0,182.2
6051,POS消费,地点526,食堂,2014/09/26 14:38:04,6.0,176.2
6051,POS消费,地点378,淋浴,2014/09/26 22:02:29,0.8,175.4
6051,POS消费,地点816,校车,2014/09/27 18:24:33,1.0,174.4
6051,POS消费,地点816,校车,2014/09/27 18:56:50,1.0,173.4
6051,POS消费,地点485,淋浴,2014/09/27 20:56:51,1.5,171.9
6051,POS消费,地点91,校车,2014/09/28 08:11:07,2.6,169.3
6051,POS消费,地点118,食堂,2014/09/28 14:09:22,3.8,165.5
6051,POS消费,地点21,开水,2014/09/28 18:16:28,3.2,162.3
6051,POS消费,地点232,食堂,2014/09/28 18:18:10,7.0,155.3
6051,POS消费,地点1293,洗衣房,2014/09/28 19:45:22,3.6,151.7
6051,POS消费,地点1293,洗衣房,2014/09/28 20:51:30,3.6,148.1
6051,POS消费,地点1293,洗衣房,2014/09/28 20:53:41,-3.54,151.64
6051,POS消费,地点91,校车,2014/09/29 08:11:30,2.8,148.84
6051,POS消费,地点1961,超市,2014/09/29 09:14:28,21.7,127.14
6051,POS消费,地点314,食堂,2014/09/29 17:45:57,3.0,124.14
6051,POS消费,地点118,食堂,2014/09/30 08:05:38,9.2,114.94
6051,POS消费,地点21,开水,2014/09/30 11:48:40,6.2,108.74
6051,POS消费,地点1293,洗衣房,2014/09/30 21:21:20,3.6,105.14
6051,POS消费,地点195,超市,2014/10/01 14:16:23,4.5,100.64
6051,POS消费,地点314,食堂,2014/10/01 18:51:35,18.5,82.14
6051,POS消费,地点1292,洗衣房,2014/10/02 07:13:53,3.6,78.54
6051,POS消费,地点1292,洗衣房,2014/10/02 08:02:26,-0.66,79.2
6051,POS消费,地点1447,校车,2014/10/06 10:40:54,1.0,78.2
6051,POS消费,地点1292,洗衣房,2014/10/06 11:18:39,3.6,74.6
6051,POS消费,地点1292,洗衣房,2014/10/06 12:03:14,-0.9,75.5
6051,POS消费,地点1293,洗衣房,2014/10/06 16:28:43,3.6,71.9
6051,POS消费,地点445,开水,2014/10/06 16:38:53,0.01,71.89
6051,POS消费,地点1293,洗衣房,2014/10/06 17:12:43,-0.96,72.85
6051,POS消费,地点1293,洗衣房,2014/10/06 18:48:39,3.6,69.25
6051,POS消费,地点1293,洗衣房,2014/10/06 19:28:19,-1.14,70.39
6051,POS消费,地点314,食堂,2014/10/07 11:53:54,3.0,67.39
6051,POS消费,地点1371,淋浴,2014/10/07 20:26:01,0.7,66.69
6051,POS消费,地点114,食堂,2014/10/08 08:20:50,2.0,64.69
6051,POS消费,地点161,食堂,2014/10/08 08:25:52,2.4,62.29
6051,POS消费,地点243,食堂,2014/10/08 12:01:03,1.0,61.29
6051,POS消费,地点259,食堂,2014/10/08 12:26:00,4.2,57.09
6051,POS消费,地点219,超市,2014/10/08 16:39:01,5.0,52.09
6051,POS消费,地点118,食堂,2014/10/08 21:38:21,3.2,48.89
6051,POS消费,地点1371,淋浴,2014/10/08 21:52:10,0.6,48.29
6051,POS消费,地点118,食堂,2014/10/09 08:17:16,6.2,42.09
6051,POS消费,地点118,食堂,2014/10/09 21:42:42,6.8,35.29
6051,POS消费,地点279,食堂,2014/10/10 12:04:59,4.2,31.09
6051,POS消费,地点1686,食堂,2014/10/10 12:06:39,3.0,28.09
6051,POS消费,地点257,食堂,2014/10/10 12:15:25,3.0,25.09
6051,POS消费,地点485,淋浴,2014/10/10 22:34:40,0.9,24.19
6051,POS消费,地点1298,洗衣房,2014/10/10 22:56:06,3.6,20.59
6051,POS消费,地点1298,洗衣房,2014/10/10 22:58:18,-3.36,23.95
6051,POS消费,地点91,校车,2014/10/11 11:50:04,6.2,17.75
6051,卡充值,,,2014/10/11 12:11:08,100.0,117.75
6051,POS消费,地点91,校车,2014/10/11 17:39:07,5.4,112.35
6051,POS消费,地点91,校车,2014/10/11 17:39:17,5.2,107.15
6051,POS消费,地点314,食堂,2014/10/12 21:28:17,12.15,95.0
6051,POS消费,地点314,食堂,2014/10/12 21:28:42,6.0,89.0
6051,POS消费,地点232,食堂,2014/10/13 08:13:29,3.9,85.1
6051,POS消费,地点219,超市,2014/10/13 12:45:26,4.0,81.1
6051,POS消费,地点485,淋浴,2014/10/13 18:54:55,0.8,80.3
6051,POS消费,地点1155,食堂,2014/10/13 21:18:59,5.6,74.7
6051,POS消费,地点91,校车,2014/10/14 07:50:55,5.3,69.4
6051,POS消费,地点310,食堂,2014/10/14 11:46:51,3.0,63.2
6051,POS消费,地点167,食堂,2014/10/14 11:48:19,3.2,66.2
6051,POS消费,地点118,食堂,2014/10/14 22:06:21,6.2,57.0
6051,POS消费,地点378,淋浴,2014/10/15 14:59:47,2.6,54.4
6051,POS消费,地点219,超市,2014/10/15 17:07:05,6.0,48.4
6051,POS消费,地点219,超市,2014/10/15 17:07:51,4.0,44.4
6051,POS消费,地点1155,食堂,2014/10/16 08:17:15,6.8,37.6
6051,POS消费,地点286,食堂,2014/10/16 11:59:23,0.5,37.1
6051,POS消费,地点310,食堂,2014/10/16 11:59:41,3.0,34.1
6051,POS消费,地点267,食堂,2014/10/16 12:02:35,7.0,27.1
6051,POS消费,地点21,开水,2014/10/16 12:11:53,12.7,14.4
6051,POS消费,地点21,开水,2014/10/16 12:14:26,1.8,12.6
6051,POS消费,地点526,食堂,2014/10/16 16:04:59,7.0,5.6
6051,POS消费,地点118,食堂,2014/10/16 16:06:37,1.8,3.8
6051,POS消费,地点445,开水,2014/10/16 21:32:50,0.01,3.79
6051,卡充值,,,2014/10/17 12:25:36,300.0,303.79
6051,POS消费,地点91,校车,2014/10/17 17:52:26,3.9,299.89
6051,POS消费,地点91,校车,2014/10/17 17:52:50,6.9,292.99
6051,POS消费,地点1155,食堂,2014/10/17 21:22:01,7.5,285.49
6051,POS消费,地点485,淋浴,2014/10/17 21:42:28,0.7,284.79
6051,POS消费,地点1334,洗衣房,2014/10/18 09:22:35,3.6,281.19
6051,POS消费,地点1298,洗衣房,2014/10/18 10:45:56,3.6,277.59
6051,POS消费,地点1298,洗衣房,2014/10/18 11:34:05,-0.72,278.31
6051,POS消费,地点195,超市,2014/10/18 12:40:35,39.8,238.51
6051,POS消费,地点1442,校车,2014/10/18 13:28:55,1.0,237.51
6051,POS消费,地点1451,校车,2014/10/18 14:50:09,1.0,236.51
6051,POS消费,地点21,开水,2014/10/18 20:07:18,8.0,228.51
6051,POS消费,地点21,开水,2014/10/18 20:21:30,8.4,220.11
6051,POS消费,地点485,淋浴,2014/10/18 22:02:11,1.2,218.91
6051,POS消费,地点816,校车,2014/10/19 16:53:55,1.0,217.91
6051,POS消费,地点816,校车,2014/10/19 16:54:04,1.0,216.91
6051,POS消费,地点118,食堂,2014/10/19 21:07:29,5.6,211.31
6051,POS消费,地点378,淋浴,2014/10/19 22:32:49,0.8,210.51
6051,POS消费,地点21,开水,2014/10/20 08:10:50,4.6,205.91
6051,POS消费,地点219,超市,2014/10/20 13:32:51,4.0,201.91
6051,POS消费,地点232,食堂,2014/10/20 17:59:06,10.0,191.91
6051,POS消费,地点27,教务处,2014/10/20 17:59:57,3.0,188.91
6051,POS消费,地点485,淋浴,2014/10/20 22:23:19,0.7,188.21
6051,POS消费,地点91,校车,2014/10/21 07:53:59,3.3,184.91
6051,POS消费,地点21,开水,2014/10/21 17:42:30,5.0,179.91
6051,POS消费,地点258,食堂,2014/10/21 17:59:42,1.8,178.11
6051,POS消费,地点1155,食堂,2014/10/21 21:20:03,3.8,174.31
6051,POS消费,地点378,淋浴,2014/10/21 22:11:57,1.3,173.01
6051,POS消费,地点445,开水,2014/10/21 22:40:50,0.01,173.0
6051,POS消费,地点91,校车,2014/10/22 08:27:04,3.3,169.7
6051,POS消费,地点219,超市,2014/10/22 16:59:25,5.0,164.7
6051,POS消费,地点272,食堂,2014/10/22 17:19:30,13.0,151.7
6051,POS消费,地点118,食堂,2014/10/22 21:05:40,3.8,147.9
6051,POS消费,地点378,淋浴,2014/10/22 21:50:23,0.8,147.1
6051,POS消费,地点91,校车,2014/10/23 08:27:31,2.4,144.7
6051,POS消费,地点118,食堂,2014/10/23 14:26:23,2.9,141.8
6051,POS消费,地点445,开水,2014/10/23 18:03:37,0.01,141.79
6051,POS消费,地点91,校车,2014/10/24 10:56:22,1.6,140.19
6051,POS消费,地点232,食堂,2014/10/24 11:07:36,7.0,133.19
6051,POS消费,地点314,食堂,2014/10/24 11:27:16,3.0,130.19
6051,POS消费,地点314,食堂,2014/10/24 11:57:56,12.9,117.29
6051,POS消费,地点118,食堂,2014/10/24 21:47:33,10.3,106.99
6051,POS消费,地点1292,洗衣房,2014/10/24 22:26:25,3.6,103.39
6051,POS消费,地点485,淋浴,2014/10/24 22:32:41,0.9,102.49
6051,POS消费,地点1292,洗衣房,2014/10/24 23:15:34,-0.66,103.15
6051,POS消费,地点188,超市,2014/10/25 08:24:41,5.0,98.15
6051,POS消费,地点91,校车,2014/10/25 11:32:49,3.0,95.15
6051,POS消费,地点211,校车,2014/10/25 14:04:45,1.0,94.15
6051,POS消费,地点1298,洗衣房,2014/10/26 09:42:16,3.6,90.55
6051,POS消费,地点1292,洗衣房,2014/10/26 09:46:52,3.6,86.95
6051,POS消费,地点1292,洗衣房,2014/10/26 10:37:10,-0.54,87.49
6051,POS消费,地点1298,洗衣房,2014/10/26 10:37:21,-0.3,87.79
6051,POS消费,地点1155,食堂,2014/10/26 21:37:34,6.3,81.49
6051,POS消费,地点91,校车,2014/10/27 08:35:26,2.4,79.09
6051,POS消费,地点250,食堂,2014/10/27 17:56:46,12.0,67.09
6051,POS消费,地点192,超市,2014/10/27 21:21:44,3.3,63.79
6051,POS消费,地点1371,淋浴,2014/10/27 22:25:40,0.9,62.89
6051,POS消费,地点91,校车,2014/10/28 08:08:16,2.6,60.29
6051,POS消费,地点157,食堂,2014/10/28 12:09:40,9.2,51.09
6051,POS消费,地点1371,淋浴,2014/10/28 18:44:38,1.2,49.89
6051,POS消费,地点1155,食堂,2014/10/28 21:02:17,3.2,46.69
6051,POS消费,地点1155,食堂,2014/10/29 08:17:29,7.2,39.49
6051,POS消费,地点219,超市,2014/10/29 17:10:53,3.0,36.49
6051,POS消费,地点250,食堂,2014/10/29 17:30:15,14.0,222.49
6051,卡充值,,,2014/10/29 17:34:44,200.0,236.49
6051,POS消费,地点258,食堂,2014/10/29 17:44:00,1.8,220.69
6051,POS消费,地点1371,淋浴,2014/10/29 22:33:47,0.8,219.89
6051,POS消费,地点232,食堂,2014/10/30 08:27:46,3.3,216.59
6051,POS消费,地点1371,淋浴,2014/10/30 21:10:49,1.6,214.99
6051,POS消费,地点314,食堂,2014/10/31 12:57:08,8.6,206.39
6051,POS消费,地点1155,食堂,2014/10/31 21:22:06,9.0,197.39
6051,POS消费,地点1371,淋浴,2014/11/01 10:15:40,1.0,196.39
6051,POS消费,地点1298,洗衣房,2014/11/01 10:23:34,3.6,192.79
6051,POS消费,地点1298,洗衣房,2014/11/01 11:08:00,-0.9,193.69
6051,POS消费,地点227,食堂,2014/11/01 21:56:17,3.0,190.69
6051,POS消费,地点1961,超市,2014/11/02 13:30:25,113.4,77.29
6051,POS消费,地点91,校车,2014/11/03 08:27:27,3.3,73.99
6051,POS消费,地点526,食堂,2014/11/03 16:05:46,7.0,66.99
6051,POS消费,地点248,超市,2014/11/04 08:07:58,3.3,63.69
6051,卡充值,,,2014/11/04 16:46:33,200.0,263.69
6051,POS消费,地点218,食堂,2014/11/04 16:46:54,1.8,261.89
6051,POS消费,地点118,食堂,2014/11/04 21:08:55,3.8,258.09
6051,POS消费,地点21,开水,2014/11/05 08:31:44,2.4,255.69
6051,POS消费,地点359,开水,2014/11/05 10:06:47,0.01,255.68
6051,POS消费,地点21,开水,2014/11/05 17:51:00,3.5,252.18
6051,POS消费,地点21,开水,2014/11/05 17:52:04,3.0,249.18
6051,POS消费,地点21,开水,2014/11/05 18:08:29,1.8,247.38
6051,POS消费,地点21,开水,2014/11/05 18:08:37,2.0,245.38
6051,POS消费,地点1155,食堂,2014/11/05 18:18:01,9.7,235.68
6051,POS消费,地点91,校车,2014/11/06 08:30:24,5.3,230.38
6051,POS消费,地点1292,洗衣房,2014/11/06 14:30:13,3.6,226.78
6051,POS消费,地点1292,洗衣房,2014/11/06 14:35:10,-3.3,230.08
6051,卡挂失,,,2014/11/08 15:20:58,0.0,0.0
6051,卡补办,,,2014/11/12 09:10:58,20.0,235.08
6051,更新卡信息,,,2014/11/12 09:11:30,0.0,0.0
6051,POS消费,地点1961,超市,2014/11/12 09:21:58,16.6,218.48
6051,POS消费,地点1036,食堂,2014/11/12 17:30:30,2.5,215.98
6051,POS消费,地点1036,食堂,2014/11/12 17:33:59,4.0,205.98
6051,POS消费,地点21,开水,2014/11/12 17:41:15,6.0,209.98
6051,POS消费,地点21,开水,2014/11/12 18:00:36,1.0,204.98
6051,POS消费,地点1155,食堂,2014/11/12 21:03:45,7.6,197.38
6051,POS消费,地点1155,食堂,2014/11/13 08:20:48,8.8,188.58
6051,POS消费,地点195,超市,2014/11/14 12:51:57,107.9,80.68
6051,POS消费,地点1155,食堂,2014/11/14 21:04:17,7.8,72.88
6051,POS消费,地点445,开水,2014/11/14 21:23:09,0.01,72.87
6051,POS消费,地点1447,校车,2014/11/15 11:18:56,1.0,71.87
6051,POS消费,地点1447,校车,2014/11/15 11:19:03,1.0,70.87
6051,POS消费,地点816,校车,2014/11/15 13:40:39,1.0,69.87
6051,POS消费,地点816,校车,2014/11/15 13:40:45,1.0,68.87
6051,POS消费,地点118,食堂,2014/11/15 20:59:39,13.6,55.27
6051,POS消费,地点118,食堂,2014/11/15 20:59:43,1.8,53.47
6051,POS消费,地点485,淋浴,2014/11/15 21:38:25,1.5,51.97
6051,POS消费,地点1293,洗衣房,2014/11/16 21:55:06,3.6,48.37
6051,POS消费,地点1293,洗衣房,2014/11/16 22:42:21,-0.78,49.15
6051,POS消费,地点1293,洗衣房,2014/11/16 22:44:20,3.6,45.55
6051,POS消费,地点21,开水,2014/11/17 08:33:00,2.4,43.15
6051,POS消费,地点21,开水,2014/11/17 08:33:15,4.4,38.75
6051,POS消费,地点91,校车,2014/11/18 08:09:23,2.6,36.15
6051,POS消费,地点118,食堂,2014/11/18 21:05:58,3.8,32.35
6051,POS消费,地点359,开水,2014/11/18 22:26:09,0.01,32.34
6051,POS消费,地点21,开水,2014/11/19 08:27:40,2.4,29.94
6051,POS消费,地点219,超市,2014/11/19 17:20:15,8.0,21.94
6051,POS消费,地点118,食堂,2014/11/19 21:03:39,3.8,18.14
6051,卡充值,,,2014/11/20 08:45:39,100.0,115.14
6051,POS消费,地点2117,食堂,2014/11/20 09:02:55,3.0,15.14
6051,POS消费,地点118,食堂,2014/11/21 20:54:36,9.8,105.34
6051,POS消费,地点434,开水,2014/11/21 21:18:47,0.01,105.33
6051,POS消费,地点188,超市,2014/11/22 11:06:44,6.0,79.33
6051,,,,2014/11/22 11:08:07,20.0,85.33
6051,POS消费,地点927,淋浴,2014/11/22 12:05:23,1.9,77.43
6051,POS消费,地点1292,洗衣房,2014/11/22 12:19:26,3.6,73.83
6051,POS消费,地点1293,洗衣房,2014/11/22 12:19:38,3.6,70.23
6051,POS消费,地点1293,洗衣房,2014/11/22 13:08:29,-0.66,71.55
6051,POS消费,地点1292,洗衣房,2014/11/22 13:08:29,-0.66,70.89
6051,POS消费,地点434,开水,2014/11/22 22:29:15,0.01,71.54
6051,POS消费,地点1155,食堂,2014/11/23 07:23:47,8.8,62.74
6051,POS消费,地点529,校车,2014/11/23 07:48:25,4.0,58.74
6051,POS消费,地点529,校车,2014/11/23 07:48:34,4.0,54.74
6051,POS消费,地点26,图书馆,2014/11/23 18:00:18,3.5,51.24
6051,POS消费,地点1215,校车,2014/11/23 18:48:01,2.0,49.24
6051,POS消费,地点91,校车,2014/11/24 08:27:29,4.6,44.64
6051,POS消费,地点118,食堂,2014/11/24 21:08:42,7.8,36.84
6051,POS消费,地点1155,食堂,2014/11/25 07:25:19,3.8,33.04
6051,POS消费,地点91,校车,2014/11/26 08:26:40,3.3,29.74
6051,POS消费,地点1293,洗衣房,2014/11/26 08:56:46,3.6,26.14
6051,POS消费,地点1293,洗衣房,2014/11/26 09:52:32,-0.24,26.38
6051,POS消费,地点1293,洗衣房,2014/11/26 09:54:17,3.6,22.78
6051,POS消费,地点219,超市,2014/11/26 17:29:16,2.0,20.78
6051,POS消费,地点258,食堂,2014/11/26 17:41:10,3.2,5.58
6051,POS消费,地点250,食堂,2014/11/26 17:41:27,12.0,8.78
6051,POS消费,地点118,食堂,2014/11/26 21:02:57,3.8,1.78
6051,POS消费,地点434,开水,2014/11/26 21:53:12,0.01,1.77
6051,POS消费,地点485,淋浴,2014/11/27 21:03:45,1.5,0.27
6051,卡充值,,,2014/11/29 16:23:13,100.0,100.27
6051,POS消费,地点21,开水,2014/11/29 16:34:28,3.0,97.27
6051,POS消费,地点21,开水,2014/11/30 15:57:51,11.0,86.27
6051,POS消费,地点248,超市,2014/12/01 08:28:22,2.3,83.97
6051,POS消费,地点1298,洗衣房,2014/12/01 08:49:57,3.6,80.37
6051,POS消费,地点1155,食堂,2014/12/02 07:30:03,3.8,76.57
6051,POS消费,地点91,校车,2014/12/02 08:07:28,3.3,73.27
6051,POS消费,地点21,开水,2014/12/02 16:21:20,17.1,56.17
6051,POS消费,地点21,开水,2014/12/02 16:21:26,3.0,53.17
6051,POS消费,地点445,开水,2014/12/03 04:35:02,0.01,53.16
6051,POS消费,地点248,超市,2014/12/03 08:26:42,3.3,49.86
6051,POS消费,地点829,图书馆,2014/12/03 11:57:28,5.0,44.86
6051,POS消费,地点219,超市,2014/12/03 16:32:01,4.0,40.86
6051,POS消费,地点841,食堂,2014/12/03 17:06:27,1.8,39.06
6051,POS消费,地点286,食堂,2014/12/03 17:07:36,3.0,36.06
6051,POS消费,地点1155,食堂,2014/12/03 21:32:01,3.8,32.26
6051,POS消费,地点91,校车,2014/12/04 08:28:10,4.3,27.96
6051,POS消费,地点378,淋浴,2014/12/05 22:15:56,2.0,22.36
6051,POS消费,地点1298,洗衣房,2014/12/05 22:26:13,3.6,24.36
6051,POS消费,地点1298,洗衣房,2014/12/05 23:15:57,-0.6,22.96
6051,POS消费,地点146,校车,2014/12/06 19:47:25,1.0,21.96
6051,POS消费,地点146,校车,2014/12/06 19:47:32,1.0,20.96
6051,POS消费,地点83,食堂,2014/12/07 07:41:48,8.8,12.16
6051,POS消费,地点21,开水,2014/12/08 08:29:03,4.1,8.06
6051,POS消费,地点21,开水,2014/12/08 18:21:55,8.0,0.06
6051,卡充值,,,2014/12/10 08:29:14,100.0,100.06
6051,POS消费,地点21,开水,2014/12/10 08:30:30,3.3,96.76
6051,POS消费,地点21,开水,2014/12/10 08:30:41,2.4,94.36
6051,POS消费,地点219,超市,2014/12/10 16:42:47,8.0,86.36
6051,POS消费,地点1551,食堂,2014/12/10 16:59:18,20.0,66.36
6051,POS消费,地点1551,食堂,2014/12/10 17:00:50,4.0,62.36
6051,POS消费,地点118,食堂,2014/12/10 21:23:06,3.8,58.56
6051,POS消费,地点21,开水,2014/12/10 21:30:32,8.0,50.56
6051,POS消费,地点445,开水,2014/12/10 21:38:35,0.01,50.55
6051,POS消费,地点21,开水,2014/12/11 08:26:52,3.6,46.95
6051,POS消费,地点188,超市,2014/12/11 16:22:38,9.5,37.45
6051,POS消费,地点1155,食堂,2014/12/11 20:26:39,7.8,29.65
6051,POS消费,地点213,食堂,2014/12/13 12:51:49,0.15,29.5
6051,POS消费,地点1448,校车,2014/12/13 19:22:08,1.0,28.5
6051,POS消费,地点21,开水,2014/12/13 19:45:11,11.0,17.5
6051,POS消费,地点445,开水,2014/12/13 21:54:36,0.01,17.49
6051,POS消费,地点83,食堂,2014/12/14 07:41:12,9.8,7.69
6051,POS消费,地点445,开水,2014/12/14 21:29:35,0.01,7.68
6051,POS消费,地点91,校车,2014/12/16 08:05:09,3.3,1.32
6051,POS消费,地点1293,洗衣房,2014/12/16 10:12:23,3.6,4.08
6051,POS消费,地点1293,洗衣房,2014/12/16 10:12:35,-0.54,4.62
6051,卡充值,,,2014/12/16 16:16:59,100.0,101.32
6051,POS消费,地点192,超市,2014/12/16 16:29:29,26.71,66.61
6051,POS消费,地点21,开水,2014/12/16 16:30:28,8.0,93.32
6051,POS消费,地点232,食堂,2014/12/17 08:26:12,3.3,63.31
6051,POS消费,地点219,超市,2014/12/17 16:30:47,3.5,59.81
6051,POS消费,地点1985,食堂,2014/12/17 16:49:53,8.0,51.81
6051,POS消费,地点1155,食堂,2014/12/17 21:20:31,5.6,46.21
6051,POS消费,地点359,开水,2014/12/17 22:21:35,0.01,46.2
6051,POS消费,地点91,校车,2014/12/18 08:28:03,3.3,42.9
6051,POS消费,地点1292,洗衣房,2014/12/18 16:54:37,3.6,39.3
6051,POS消费,地点1293,洗衣房,2014/12/18 16:57:49,3.6,35.7
6051,POS消费,地点485,淋浴,2014/12/18 17:03:06,2.0,33.7
6051,POS消费,地点118,食堂,2014/12/19 18:05:41,1.8,31.9
6051,POS消费,地点837,校车,2014/12/19 19:07:54,1.0,30.9
6051,POS消费,地点118,食堂,2014/12/20 16:10:35,3.8,27.1
6051,POS消费,地点21,开水,2014/12/20 19:02:40,8.0,19.1
6051,POS消费,地点83,食堂,2014/12/21 07:49:29,9.8,9.3
6051,POS消费,地点1155,食堂,2014/12/23 08:19:33,7.8,1.5
6051,POS消费,地点434,开水,2014/12/23 14:22:28,0.01,1.49
6051,POS消费,地点445,开水,2014/12/23 21:44:53,0.01,1.48
6051,卡充值,,,2014/12/24 08:34:34,100.0,101.48
6051,POS消费,地点21,开水,2014/12/24 13:02:09,8.0,93.48
6051,POS消费,地点219,超市,2014/12/24 16:37:21,3.0,90.48
6051,POS消费,地点445,开水,2014/12/24 21:34:55,0.01,90.47
6051,POS消费,地点378,淋浴,2014/12/25 10:53:53,0.1,90.37
6051,POS消费,地点485,淋浴,2014/12/25 10:54:14,1.1,89.27
6051,POS消费,地点83,食堂,2014/12/25 16:53:14,3.2,86.07
6051,POS消费,地点445,开水,2014/12/25 19:31:36,0.01,86.06
6051,POS消费,地点1451,校车,2014/12/26 18:53:15,1.0,85.06
6051,POS消费,地点434,开水,2014/12/27 15:02:20,0.01,85.05
6051,POS消费,地点927,淋浴,2014/12/29 04:34:08,1.7,83.35
6051,POS消费,地点61,食堂,2014/12/29 08:55:27,1.6,81.25
6051,POS消费,地点21,开水,2014/12/29 08:58:31,2.0,79.25
6051,POS消费,地点60,食堂,2014/12/29 09:07:45,0.5,82.85
6051,POS消费,地点21,开水,2014/12/29 09:13:34,8.0,71.25
6051,POS消费,地点1451,校车,2014/12/29 17:13:17,1.0,70.25
6051,POS消费,地点118,食堂,2014/12/30 10:15:58,10.0,60.25
6051,POS消费,地点218,食堂,2014/12/30 17:15:27,1.8,58.45
6051,卡充值,,,2014/12/30 17:17:43,100.0,158.45
6051,POS消费,地点434,开水,2014/12/30 21:18:19,0.01,158.44
6051,POS消费,地点118,食堂,2014/12/31 21:50:46,15.0,143.44
6051,POS消费,地点378,淋浴,2015/01/01 12:17:18,1.9,141.54
6051,POS消费,地点434,开水,2015/01/02 12:20:08,0.01,141.53
6051,POS消费,地点359,开水,2015/01/03 12:51:11,0.01,141.52
6051,POS消费,地点1334,洗衣房,2015/01/03 19:57:39,3.6,137.92
6051,POS消费,地点1293,洗衣房,2015/01/03 19:58:50,3.6,134.32
6051,POS消费,地点434,开水,2015/01/04 13:48:35,0.01,134.31
6051,POS消费,地点1961,超市,2015/01/04 16:42:28,28.9,105.41
6051,POS消费,地点83,食堂,2015/01/04 16:43:07,5.5,99.91
6051,POS消费,地点21,开水,2015/01/04 16:55:01,8.0,91.91
6051,POS消费,地点927,淋浴,2015/01/05 08:49:11,1.9,90.01
6051,POS消费,地点434,开水,2015/01/05 21:17:54,0.01,90.0
6051,POS消费,地点1155,食堂,2015/01/06 09:12:33,8.8,81.2
6051,POS消费,地点359,开水,2015/01/07 12:56:44,0.01,81.19
6051,POS消费,地点1961,超市,2015/01/07 17:13:08,7.5,73.69
6051,POS消费,地点485,淋浴,2015/01/07 21:56:07,1.6,72.09
6051,,,,2015/01/08 11:04:03,30.0,42.09
6051,POS消费,地点1334,洗衣房,2015/01/08 13:44:32,3.6,38.49
6051,卡充值,,,2015/01/08 16:38:23,100.0,138.49
6051,POS消费,地点21,开水,2015/01/08 16:40:48,5.0,133.49
6051,POS消费,地点21,开水,2015/01/08 16:41:32,1.8,131.69
6051,POS消费,地点118,食堂,2015/01/09 08:43:57,3.8,127.89
6051,POS消费,地点434,开水,2015/01/09 18:31:35,0.01,127.88
6051,POS消费,地点118,食堂,2015/01/10 08:48:01,9.8,118.08
6051,POS消费,地点192,超市,2015/01/10 12:23:12,10.7,107.38
6051,POS消费,地点445,开水,2015/01/10 22:29:52,0.01,107.37
6051,POS消费,地点485,淋浴,2015/01/11 19:25:28,2.1,105.27
6051,POS消费,地点1334,洗衣房,2015/01/11 20:05:12,3.6,101.67
6051,POS消费,地点1155,食堂,2015/01/12 08:59:18,11.6,90.07
6051,POS消费,地点195,超市,2015/01/12 12:06:28,14.6,75.47
6051,POS消费,地点21,开水,2015/01/12 12:15:09,10.4,65.07
6051,POS消费,地点434,开水,2015/01/12 18:18:20,0.01,65.06
6051,POS消费,地点485,淋浴,2015/01/14 20:51:30,1.9,63.16
6051,POS消费,地点434,开水,2015/01/14 22:26:10,0.01,63.15
6051,POS消费,地点1292,洗衣房,2015/01/15 15:19:42,3.6,59.55
6051,POS消费,地点83,食堂,2015/01/15 22:09:10,5.7,53.85
6051,POS消费,地点83,食堂,2015/01/15 22:09:24,6.2,47.65
6051,POS消费,地点1292,洗衣房,2015/01/15 22:27:04,3.6,44.05
6051,,,,2015/01/16 11:36:30,10.0,34.05
6051,POS消费,地点434,开水,2015/01/16 22:07:13,0.01,34.04
6051,POS消费,地点195,超市,2015/01/17 16:03:12,26.3,7.74
6051,POS消费,地点485,淋浴,2015/01/17 22:16:53,2.3,5.44
6051,卡充值,,,2015/01/18 12:31:15,100.0,105.44
6051,POS消费,地点195,超市,2015/01/18 12:43:32,28.8,76.64
6051,POS消费,地点192,超市,2015/01/18 14:39:23,11.5,65.14
6051,POS消费,地点445,开水,2015/01/18 17:42:00,0.01,65.13
6051,POS消费,地点1334,洗衣房,2015/02/28 14:34:30,3.6,61.53
6051,POS消费,地点325,淋浴,2015/02/28 21:48:40,1.9,59.63
6051,POS消费,地点325,淋浴,2015/03/01 20:18:46,2.4,57.23
6051,POS消费,地点1292,洗衣房,2015/03/01 20:53:21,3.6,53.63
6051,POS消费,地点325,淋浴,2015/03/01 21:10:40,1.6,52.03
6051,POS消费,地点21,开水,2015/03/02 08:22:05,2.3,49.73
6051,POS消费,地点21,开水,2015/03/02 08:22:13,2.9,46.83
6051,卡充值,,,2015/03/02 12:08:18,300.0,346.83
6051,POS消费,地点1961,超市,2015/03/02 12:46:36,69.3,277.53
6051,POS消费,地点118,食堂,2015/03/02 18:00:40,6.8,270.73
6051,换卡,,,2015/03/03 15:20:06,0.0,0.0
6051,POS消费,地点1155,食堂,2015/03/03 19:47:10,7.8,262.93
6051,POS消费,地点485,淋浴,2015/03/03 20:54:23,1.6,261.33
6051,POS消费,地点434,开水,2015/03/03 21:31:52,0.01,261.32
6051,POS消费,地点286,食堂,2015/03/04 11:52:18,3.5,257.82
6051,,,,2015/03/04 12:46:51,100.0,150.82
6051,POS消费,地点2171,食堂,2015/03/04 12:47:55,7.0,250.82
6051,POS消费,地点91,校车,2015/03/05 08:18:03,3.3,147.52
6051,POS消费,地点118,食堂,2015/03/05 19:13:21,3.8,143.72
6051,POS消费,地点118,食堂,2015/03/05 21:18:08,5.0,138.72
6051,POS消费,地点1155,食堂,2015/03/05 21:18:31,1.8,136.92
6051,POS消费,地点434,开水,2015/03/06 19:39:08,0.01,136.91
6051,POS消费,地点1298,洗衣房,2015/03/06 20:44:35,3.6,133.31
6051,POS消费,地点485,淋浴,2015/03/07 15:20:58,2.0,131.31
6051,POS消费,地点434,开水,2015/03/08 18:40:06,0.01,131.3
6051,POS消费,地点232,食堂,2015/03/09 08:20:20,4.3,127.0
6051,卡充值,,,2015/03/09 11:56:25,100.0,227.0
6051,POS消费,地点26,图书馆,2015/03/09 12:22:34,51.9,175.1
6051,POS消费,地点1155,食堂,2015/03/09 17:58:14,1.8,173.3
6051,POS消费,地点434,开水,2015/03/09 18:07:55,0.01,173.29
6051,POS消费,地点91,校车,2015/03/10 08:01:30,3.3,169.99
6051,POS消费,地点195,超市,2015/03/10 18:40:59,63.5,106.49
6051,POS消费,地点325,淋浴,2015/03/10 19:30:09,2.6,103.89
6051,POS消费,地点378,淋浴,2015/03/10 20:13:29,0.1,103.79
6051,POS消费,地点325,淋浴,2015/03/10 20:27:13,1.8,101.99
6051,POS消费,地点21,开水,2015/03/11 12:12:36,6.0,95.99
6051,POS消费,地点232,食堂,2015/03/12 08:19:12,3.3,92.69
6051,POS消费,地点232,食堂,2015/03/12 08:19:28,4.3,88.39
6051,POS消费,地点434,开水,2015/03/12 18:28:00,0.01,88.38
6051,POS消费,地点118,食堂,2015/03/12 21:24:04,8.2,80.18
6051,POS消费,地点325,淋浴,2015/03/14 14:46:11,1.7,78.48
6051,POS消费,地点21,开水,2015/03/14 19:49:03,7.7,68.78
6051,POS消费,地点1292,洗衣房,2015/03/15 13:44:58,3.6,65.18
6051,POS消费,地点434,开水,2015/03/15 18:09:14,0.01,65.17
6051,POS消费,地点232,食堂,2015/03/16 08:19:54,1.4,63.77
6051,POS消费,地点232,食堂,2015/03/16 08:20:01,1.0,62.77
6051,POS消费,地点232,食堂,2015/03/16 08:20:23,1.4,61.37
6051,POS消费,地点1298,洗衣房,2015/03/16 19:25:27,3.6,57.77
6051,POS消费,地点325,淋浴,2015/03/16 19:45:37,1.8,55.97
6051,POS消费,地点325,淋浴,2015/03/16 20:15:25,1.9,54.07
6051,POS消费,地点21,开水,2015/03/17 07:53:46,3.3,50.77
6051,POS消费,地点21,开水,2015/03/17 07:53:55,3.3,47.47
6051,POS消费,地点118,食堂,2015/03/17 21:17:06,17.6,29.87
6051,POS消费,地点434,开水,2015/03/17 21:55:19,0.01,29.86
6051,POS消费,地点485,淋浴,2015/03/18 21:53:00,1.2,28.66
6051,POS消费,地点232,食堂,2015/03/19 08:21:04,3.3,25.36
6051,POS消费,地点232,食堂,2015/03/19 08:21:12,3.3,22.06
6051,POS消费,地点219,超市,2015/03/19 15:38:58,8.0,14.06
6051,POS消费,地点21,开水,2015/03/19 16:02:34,3.0,11.06
6051,POS消费,地点526,食堂,2015/03/19 19:03:04,7.0,4.06
6051,POS消费,地点325,淋浴,2015/03/19 21:44:15,1.9,2.16
6051,POS消费,地点434,开水,2015/03/22 18:19:26,0.01,2.15
6051,卡充值,,,2015/03/23 11:48:27,200.0,202.15
6051,POS消费,地点1961,超市,2015/03/23 12:28:18,65.4,136.75
6051,POS消费,地点91,校车,2015/03/24 07:58:12,1.8,134.95
6051,POS消费,地点91,校车,2015/03/24 07:58:16,0.6,134.35
6051,POS消费,地点434,开水,2015/03/24 22:28:25,0.01,134.34
6051,POS消费,地点325,淋浴,2015/03/25 19:35:25,2.1,132.24
6051,POS消费,地点21,开水,2015/03/26 08:18:42,3.3,128.94
6051,POS消费,地点118,食堂,2015/03/26 15:41:15,7.0,121.94
6051,POS消费,地点485,淋浴,2015/03/26 20:18:07,0.8,121.14
6051,POS消费,地点1292,洗衣房,2015/03/26 21:00:07,3.6,117.54
6051,POS消费,地点1293,洗衣房,2015/03/26 21:03:59,3.6,113.94
6051,POS消费,地点434,开水,2015/03/27 18:02:06,0.01,113.93
6051,POS消费,地点1961,超市,2015/03/28 12:25:22,88.3,25.63
6051,POS消费,地点485,淋浴,2015/03/29 10:27:11,1.8,23.83
6051,POS消费,地点434,开水,2015/03/29 18:16:00,0.01,23.82
6051,POS消费,地点325,淋浴,2015/03/29 20:17:37,1.4,22.42
6051,POS消费,地点91,校车,2015/03/30 08:17:51,4.3,18.12
6051,卡充值,,,2015/03/30 12:08:08,100.0,118.12
6051,POS消费,地点21,开水,2015/03/31 07:58:06,2.6,115.52
6051,POS消费,地点21,开水,2015/03/31 07:58:20,3.3,112.22
6051,POS消费,地点1961,超市,2015/03/31 18:26:10,6.5,105.72
6051,POS消费,地点485,淋浴,2015/03/31 19:19:39,1.7,104.02
6051,POS消费,地点118,食堂,2015/04/01 14:16:47,1.5,102.52
6051,POS消费,地点378,淋浴,2015/04/01 21:55:39,0.8,101.72
6051,POS消费,地点91,校车,2015/04/02 08:19:23,4.3,97.42
6051,POS消费,地点21,开水,2015/04/02 14:06:14,2.5,94.92
6051,POS消费,地点219,超市,2015/04/02 14:52:06,4.0,90.92
6051,POS消费,地点219,超市,2015/04/02 15:06:00,2.0,88.92
6051,POS消费,地点118,食堂,2015/04/02 21:19:39,11.8,77.12
6051,POS消费,地点485,淋浴,2015/04/02 21:52:22,0.9,76.22
6051,POS消费,地点434,开水,2015/04/03 18:01:53,0.01,76.21
6051,POS消费,地点1293,洗衣房,2015/04/03 18:27:42,3.6,72.61
6051,POS消费,地点1293,洗衣房,2015/04/03 19:22:29,-0.3,72.91
6051,POS消费,地点1292,洗衣房,2015/04/04 10:41:38,3.6,69.31
6051,POS消费,地点325,淋浴,2015/04/04 16:30:49,1.6,67.71
6051,POS消费,地点21,开水,2015/04/04 18:48:06,3.0,64.71
6051,POS消费,地点222,校车,2015/04/05 15:43:20,1.0,63.71
6051,POS消费,地点222,校车,2015/04/05 15:44:22,1.0,62.71
6051,POS消费,地点192,超市,2015/04/05 16:09:37,2.5,60.21
6051,POS消费,地点1451,校车,2015/04/06 11:35:42,1.0,59.21
6051,POS消费,地点485,淋浴,2015/04/06 21:53:49,1.8,57.41
6051,POS消费,地点118,食堂,2015/04/07 08:24:01,8.8,48.61
6051,POS消费,地点1155,食堂,2015/04/07 14:14:31,2.9,45.71
6051,POS消费,地点1961,超市,2015/04/07 18:34:12,4.0,41.71
6051,POS消费,地点434,开水,2015/04/08 22:36:29,0.01,41.7
6051,POS消费,地点91,校车,2015/04/09 08:18:50,3.3,38.4
6051,POS消费,地点219,超市,2015/04/09 15:18:34,3.0,35.4
6051,POS消费,地点118,食堂,2015/04/09 21:13:07,17.6,17.8
6051,POS消费,地点434,开水,2015/04/09 21:19:31,0.01,17.79
6051,POS消费,地点325,淋浴,2015/04/09 21:43:52,1.6,16.19
6051,POS消费,地点445,开水,2015/04/10 16:15:51,0.01,16.18
6051,POS消费,地点1292,洗衣房,2015/04/10 17:08:58,3.6,12.58
6051,POS消费,地点445,开水,2015/04/10 22:43:18,0.01,12.57
6051,POS消费,地点325,淋浴,2015/04/11 10:44:50,0.9,11.67
6051,POS消费,地点1292,洗衣房,2015/04/11 11:00:39,3.6,8.07
6051,POS消费,地点434,开水,2015/04/12 18:42:54,0.01,8.06
6051,POS消费,地点485,淋浴,2015/04/12 21:50:26,1.8,6.26
6051,POS消费,地点232,食堂,2015/04/13 08:19:18,3.3,2.96
6051,卡充值,,,2015/04/13 12:04:59,200.0,202.96
6051,POS消费,地点1961,超市,2015/04/13 12:32:46,58.5,144.46
6051,POS消费,地点21,开水,2015/04/13 12:42:27,3.0,141.46
6051,POS消费,地点21,开水,2015/04/14 07:56:57,4.3,137.16
6051,POS消费,地点434,开水,2015/04/14 22:02:28,0.01,137.15
6051,POS消费,地点325,淋浴,2015/04/14 22:14:55,1.0,136.15
6051,POS消费,地点1293,洗衣房,2015/04/15 21:50:43,3.6,132.55
6051,POS消费,地点927,淋浴,2015/04/15 21:55:46,1.9,130.65
6051,POS消费,地点1293,洗衣房,2015/04/15 22:32:40,-1.08,131.73
6051,POS消费,地点1292,洗衣房,2015/04/15 22:37:38,3.6,128.13
6051,POS消费,地点927,淋浴,2015/04/15 23:17:16,3.1,125.03
6051,POS消费,地点232,食堂,2015/04/16 08:19:37,4.3,120.73
6051,POS消费,地点304,超市,2015/04/16 14:29:40,5.0,115.73
6051,POS消费,地点434,开水,2015/04/16 18:55:32,0.01,115.72
6051,POS消费,地点21,开水,2015/04/16 18:59:27,5.0,110.72
6051,POS消费,地点21,开水,2015/04/16 18:59:52,7.5,103.22
6051,POS消费,地点21,开水,2015/04/16 19:00:03,8.0,95.22
6051,POS消费,地点21,开水,2015/04/16 19:01:28,9.0,86.22
6051,POS消费,地点192,超市,2015/04/16 19:06:57,29.8,56.42
6051,POS消费,地点192,超市,2015/04/16 19:10:03,30.0,26.42
6051,POS消费,地点192,超市,2015/04/16 19:11:21,-30.0,56.42
6051,POS消费,地点192,超市,2015/04/16 19:12:09,27.8,28.62
6051,POS消费,地点445,开水,2015/04/16 20:32:13,0.01,28.61
6051,卡挂失,,,2015/04/19 16:47:17,0.0,0.0
6051,卡补办,,,2015/04/22 18:07:01,15.0,28.61
6051,更新卡信息,,,2015/04/22 18:07:17,0.0,0.0
6051,POS消费,地点21,开水,2015/04/22 18:10:30,6.0,22.61
6051,POS消费,地点325,淋浴,2015/04/22 19:24:59,1.9,20.71
6051,POS消费,地点91,校车,2015/04/23 08:17:51,3.6,17.11
6051,POS消费,地点91,校车,2015/04/23 08:17:58,3.8,13.31
6051,POS消费,地点304,超市,2015/04/23 14:27:17,8.0,5.31
6051,卡充值,,,2015/04/23 15:27:23,100.0,105.31
6051,POS消费,地点118,食堂,2015/04/23 21:21:39,10.3,95.01
6051,POS消费,地点434,开水,2015/04/23 21:55:28,0.01,95.0
6051,POS消费,地点1155,食堂,2015/04/24 15:56:41,6.0,89.0
6051,POS消费,地点434,开水,2015/04/24 20:34:28,0.01,88.99
6051,POS消费,地点434,开水,2015/04/25 15:47:47,0.01,88.98
6051,POS消费,地点1293,洗衣房,2015/04/26 15:30:16,3.6,85.38
6051,POS消费,地点1298,洗衣房,2015/04/26 15:31:46,3.6,81.78
6051,POS消费,地点485,淋浴,2015/04/26 15:45:41,0.6,81.18
6051,POS消费,地点325,淋浴,2015/04/26 15:46:16,1.6,79.58
6051,POS消费,地点232,食堂,2015/04/27 08:18:46,3.3,76.28
6051,POS消费,地点445,开水,2015/04/27 14:13:16,0.01,76.27
6051,POS消费,地点485,淋浴,2015/04/27 21:18:01,0.1,76.17
6051,POS消费,地点927,淋浴,2015/04/27 21:27:07,0.8,75.37
6051,POS消费,地点485,淋浴,2015/04/27 21:45:04,0.1,75.27
6051,POS消费,地点847,淋浴,2015/04/27 21:55:52,0.7,74.57
6051,POS消费,地点232,食堂,2015/04/28 07:56:12,3.3,71.27
6051,POS消费,地点118,食堂,2015/04/28 19:01:57,8.8,62.47
6051,POS消费,地点1371,淋浴,2015/04/28 22:16:29,2.0,60.47
6051,POS消费,地点445,开水,2015/04/28 22:52:11,0.01,60.46
6051,POS消费,地点118,食堂,2015/04/29 14:15:18,2.9,57.56
6051,POS消费,地点325,淋浴,2015/04/29 20:07:49,0.9,56.66
6051,POS消费,地点232,食堂,2015/04/30 08:18:00,3.3,53.36
6051,POS消费,地点26,图书馆,2015/04/30 14:26:59,4.0,49.36
6051,POS消费,地点927,淋浴,2015/04/30 15:16:32,0.7,48.66
6051,POS消费,地点927,淋浴,2015/04/30 22:46:37,3.8,44.86
6051,POS消费,地点927,淋浴,2015/04/30 22:46:45,0.2,44.66
6051,POS消费,地点1292,洗衣房,2015/05/01 17:44:35,3.6,41.06
6051,POS消费,地点1298,洗衣房,2015/05/01 17:45:48,3.6,37.46
6051,POS消费,地点434,开水,2015/05/01 17:50:07,0.01,37.45
6051,POS消费,地点1292,洗衣房,2015/05/01 18:28:46,-0.96,38.41
6051,POS消费,地点1298,洗衣房,2015/05/01 18:29:14,-0.96,39.37
6051,POS消费,地点1292,洗衣房,2015/05/01 18:31:04,3.6,35.77
6051,POS消费,地点325,淋浴,2015/05/02 06:50:43,1.5,34.27
6051,POS消费,地点1588,食堂,2015/05/02 08:36:31,3.3,30.97
6051,POS消费,地点1292,洗衣房,2015/05/03 14:25:52,3.6,27.37
6051,POS消费,地点1371,淋浴,2015/05/03 14:42:18,0.8,26.57
6051,POS消费,地点1292,洗衣房,2015/05/03 15:13:24,-0.72,27.29
6051,POS消费,地点434,开水,2015/05/03 18:43:49,0.01,27.28
6051,POS消费,地点232,食堂,2015/05/04 08:16:57,4.3,22.98
6051,卡充值,,,2015/05/04 08:38:57,200.0,222.98
6051,POS消费,地点1961,超市,2015/05/04 08:49:40,121.7,101.28
6051,POS消费,地点434,开水,2015/05/04 18:08:43,0.01,101.27
6051,POS消费,地点325,淋浴,2015/05/04 19:39:43,1.8,99.47
6051,POS消费,地点118,食堂,2015/05/05 08:24:10,9.8,89.67
6051,POS消费,地点118,食堂,2015/05/05 16:18:18,9.0,80.67
6051,POS消费,地点434,开水,2015/05/05 22:13:01,0.01,80.66
6051,POS消费,地点434,开水,2015/05/06 12:11:29,0.01,80.65
6051,POS消费,地点118,食堂,2015/05/06 14:15:58,4.0,76.65
6051,POS消费,地点378,淋浴,2015/05/06 21:21:38,0.9,75.75
6051,POS消费,地点232,食堂,2015/05/07 08:19:50,3.3,72.45
6051,POS消费,地点304,超市,2015/05/07 15:12:57,4.0,68.45
6051,POS消费,地点118,食堂,2015/05/07 21:13:16,8.8,59.65
6051,POS消费,地点378,淋浴,2015/05/07 21:55:54,1.8,57.85
6051,POS消费,地点118,食堂,2015/05/09 21:08:29,8.3,49.55
6051,POS消费,地点1293,洗衣房,2015/05/09 21:56:35,3.6,45.95
6051,POS消费,地点325,淋浴,2015/05/09 21:59:53,0.8,45.15
6051,POS消费,地点118,食堂,2015/05/10 14:07:35,1.5,43.65
6051,POS消费,地点91,校车,2015/05/11 08:18:23,4.3,39.35
6051,POS消费,地点434,开水,2015/05/11 12:25:16,0.01,39.34
6051,POS消费,地点1155,食堂,2015/05/11 14:18:34,1.5,37.84
6051,POS消费,地点325,淋浴,2015/05/11 19:40:07,2.1,35.74
6051,POS消费,地点434,开水,2015/05/12 18:54:45,0.01,35.73
6051,POS消费,地点445,开水,2015/05/12 18:55:52,0.01,35.72
6051,POS消费,地点378,淋浴,2015/05/12 22:56:14,1.0,34.72
6051,POS消费,地点1155,食堂,2015/05/13 14:15:12,5.0,29.72
6051,POS消费,地点378,淋浴,2015/05/13 22:38:59,0.8,28.92
6051,POS消费,地点232,食堂,2015/05/14 08:18:37,2.6,26.32
6051,POS消费,地点232,食堂,2015/05/14 08:18:53,3.3,23.02
6051,POS消费,地点1961,超市,2015/05/14 12:29:20,3.3,19.72
6051,POS消费,地点219,超市,2015/05/14 15:06:59,4.0,15.72
6051,POS消费,地点434,开水,2015/05/14 18:35:21,0.01,15.71
6051,POS消费,地点1155,食堂,2015/05/14 21:18:36,7.8,7.91
6051,POS消费,地点927,淋浴,2015/05/14 22:14:04,1.6,6.31
6051,POS消费,地点325,淋浴,2015/05/15 13:22:36,0.9,5.41
6051,POS消费,地点1292,洗衣房,2015/05/16 17:20:13,3.6,1.81
6051,卡充值,,,2015/05/17 11:31:22,100.0,101.81
6051,POS消费,地点1961,超市,2015/05/17 11:38:47,14.3,87.51
6051,POS消费,地点325,淋浴,2015/05/17 14:23:15,1.8,85.71
6051,POS消费,地点1961,超市,2015/05/17 18:44:11,21.0,64.71
6051,POS消费,地点847,淋浴,2015/05/17 22:53:21,0.7,64.01
6051,POS消费,地点434,开水,2015/05/18 12:11:31,0.01,64.0
6051,POS消费,地点1371,淋浴,2015/05/18 20:05:33,0.9,63.1
6051,POS消费,地点847,淋浴,2015/05/18 22:50:38,1.4,61.7
6051,POS消费,地点118,食堂,2015/05/19 10:23:33,3.8,57.9
6051,POS消费,地点445,开水,2015/05/19 20:22:10,0.01,57.89
6051,POS消费,地点1961,超市,2015/05/20 12:17:59,3.3,54.59
6051,POS消费,地点847,淋浴,2015/05/20 21:59:48,0.7,53.89
6051,POS消费,地点232,食堂,2015/05/21 08:18:54,2.6,51.29
6051,POS消费,地点232,食堂,2015/05/21 08:19:10,3.3,47.99
6051,POS消费,地点434,开水,2015/05/21 19:02:19,0.01,47.98
6051,POS消费,地点847,淋浴,2015/05/21 22:20:47,1.2,46.78
6051,POS消费,地点1293,洗衣房,2015/05/21 22:44:28,3.6,43.18
6051,POS消费,地点434,开水,2015/05/22 12:29:34,0.01,43.17
6051,POS消费,地点325,淋浴,2015/05/22 21:48:34,0.9,42.27
6051,POS消费,地点83,食堂,2015/05/23 07:55:25,16.8,25.47
6051,POS消费,地点83,食堂,2015/05/23 07:55:53,9.8,15.67
6051,POS消费,地点434,开水,2015/05/23 14:38:52,0.01,15.66
6051,POS消费,地点1334,洗衣房,2015/05/23 20:53:49,3.6,12.06
6051,POS消费,地点854,淋浴,2015/05/23 23:52:17,0.7,11.36
6051,POS消费,地点445,开水,2015/05/24 14:31:34,0.01,11.35
6051,POS消费,地点927,淋浴,2015/05/24 21:31:11,1.0,10.35
6051,POS消费,地点445,开水,2015/05/24 21:46:04,0.01,10.34
6051,POS消费,地点91,校车,2015/05/25 08:17:46,1.8,8.54
6051,POS消费,地点91,校车,2015/05/25 08:17:53,3.3,5.24
6051,POS消费,地点325,淋浴,2015/05/25 21:51:15,1.4,3.84
6051,卡充值,,,2015/05/26 12:36:04,200.0,203.84
6051,POS消费,地点831,开水,2015/05/27 08:14:01,0.01,203.83
6051,POS消费,地点434,开水,2015/05/27 12:07:43,0.01,203.82
6051,POS消费,地点118,食堂,2015/05/27 14:20:12,2.9,200.92
6051,POS消费,地点325,淋浴,2015/05/27 21:11:05,2.0,198.92
6051,POS消费,地点232,食堂,2015/05/28 08:18:52,2.3,196.62
6051,POS消费,地点118,食堂,2015/05/28 21:11:32,6.8,189.81
6051,POS消费,地点434,开水,2015/05/28 23:08:49,0.01,196.61
6051,POS消费,地点1298,洗衣房,2015/05/29 10:20:18,3.6,186.21
6051,POS消费,地点325,淋浴,2015/05/29 21:47:53,0.8,185.41
6051,POS消费,地点434,开水,2015/05/31 12:36:47,0.01,185.4
6051,POS消费,地点325,淋浴,2015/05/31 14:04:38,1.7,183.7
6051,POS消费,地点434,开水,2015/05/31 21:23:46,0.01,183.69
6051,POS消费,地点91,校车,2015/06/01 08:16:52,3.3,180.39
6051,POS消费,地点434,开水,2015/06/01 12:18:00,0.01,180.38
6051,POS消费,地点1155,食堂,2015/06/01 14:19:16,1.5,178.88
6051,POS消费,地点26,图书馆,2015/06/01 18:36:50,7.0,171.88
6051,POS消费,地点325,淋浴,2015/06/01 22:00:33,0.8,171.08
6051,POS消费,地点1961,超市,2015/06/02 16:21:39,65.0,106.08
6051,POS消费,地点325,淋浴,2015/06/02 21:02:50,0.7,105.38
6051,POS消费,地点232,食堂,2015/06/04 08:17:19,3.3,102.08
6051,POS消费,地点304,超市,2015/06/04 15:01:11,4.0,98.08
6051,POS消费,地点21,开水,2015/06/04 15:17:23,3.0,95.08
6051,POS消费,地点1155,食堂,2015/06/05 10:10:05,5.6,89.48
6051,POS消费,地点118,食堂,2015/06/05 16:04:10,1.5,87.98
6051,POS消费,地点434,开水,2015/06/05 18:23:19,0.01,87.97
6051,POS消费,地点325,淋浴,2015/06/05 22:55:39,0.7,87.27
6051,POS消费,地点83,食堂,2015/06/06 08:00:13,9.8,77.47
6051,POS消费,地点1298,洗衣房,2015/06/06 18:37:56,3.6,73.87
6051,POS消费,地点1334,洗衣房,2015/06/06 18:42:24,3.6,70.27
6051,POS消费,地点325,淋浴,2015/06/06 21:14:20,0.6,69.67
6051,POS消费,地点445,开水,2015/06/07 17:43:08,0.01,69.66
6051,POS消费,地点118,食堂,2015/06/07 18:44:36,1.5,68.16
6051,POS消费,地点118,食堂,2015/06/08 14:11:29,2.9,65.26
6051,POS消费,地点434,开水,2015/06/08 18:52:10,0.01,65.25
6051,POS消费,地点378,淋浴,2015/06/08 21:43:44,0.9,64.35
6051,POS消费,地点118,食堂,2015/06/09 10:08:51,9.7,54.65
6051,POS消费,地点1371,淋浴,2015/06/09 21:38:37,0.9,53.75
6051,POS消费,地点1155,食堂,2015/06/10 07:26:32,13.6,40.15
6051,POS消费,地点232,食堂,2015/06/11 08:18:30,3.3,36.85
6051,POS消费,地点281,超市,2015/06/11 12:36:19,3.5,33.35
6051,POS消费,地点434,开水,2015/06/11 20:10:46,0.01,33.34
6051,POS消费,地点887,淋浴,2015/06/11 22:21:09,0.6,32.74
6051,POS消费,地点118,食堂,2015/06/12 07:29:14,6.6,26.14
6051,POS消费,地点927,淋浴,2015/06/12 21:57:16,0.8,25.34
6051,POS消费,地点1292,洗衣房,2015/06/14 17:44:00,3.6,21.74
6051,POS消费,地点1292,洗衣房,2015/06/14 18:30:13,-0.78,22.52
6051,POS消费,地点1334,洗衣房,2015/06/14 18:31:33,3.6,18.92
6051,POS消费,地点118,食堂,2015/06/15 14:22:46,5.0,13.92
6051,POS消费,地点118,食堂,2015/06/17 10:09:49,3.8,10.12
6051,POS消费,地点118,食堂,2015/06/17 14:21:00,1.5,8.62
6051,卡充值,,,2015/06/17 17:57:04,100.0,108.62
6051,POS消费,地点2172,文印中心,2015/06/17 18:05:51,0.9,107.72
6051,POS消费,地点192,超市,2015/06/17 18:08:18,6.0,101.72
6051,POS消费,地点1371,淋浴,2015/06/17 21:51:15,2.0,99.72
6051,POS消费,地点1155,食堂,2015/06/18 10:07:26,3.8,95.92
6051,POS消费,地点1961,超市,2015/06/19 18:03:21,83.1,12.82
6051,卡充值,,,2015/06/19 18:10:13,100.0,112.82
6051,POS消费,地点21,开水,2015/06/19 18:10:58,3.0,109.82
6051,POS消费,地点1155,食堂,2015/06/23 14:22:02,3.0,106.82
6051,POS消费,地点1371,淋浴,2015/06/24 22:41:25,0.1,106.72
6051,POS消费,地点378,淋浴,2015/06/24 22:56:10,1.4,105.32
6051,POS消费,地点118,食堂,2015/06/25 10:14:12,5.3,100.02
6051,POS消费,地点118,食堂,2015/06/25 14:39:48,1.5,98.52
6051,POS消费,地点325,淋浴,2015/06/25 22:55:34,0.8,97.72
6051,POS消费,地点927,淋浴,2015/06/25 23:08:54,0.7,97.02
6051,POS消费,地点1155,食堂,2015/06/27 09:19:58,3.8,93.22
6051,POS消费,地点1155,食堂,2015/06/27 09:51:59,1.5,91.72
6051,POS消费,地点1334,洗衣房,2015/06/27 14:56:18,3.6,88.12
6051,卡充值,,,2015/07/02 17:32:37,100.0,188.12
6051,POS消费,地点1961,超市,2015/07/02 18:06:53,68.8,119.32
6051,POS消费,地点118,食堂,2015/07/04 09:09:24,3.8,115.52
6051,POS消费,地点927,淋浴,2015/07/05 14:52:34,0.8,114.72
6051,POS消费,地点1155,食堂,2015/07/06 09:00:39,3.8,110.92
6051,POS消费,地点118,食堂,2015/07/08 09:02:23,3.8,107.12
6051,POS消费,地点927,淋浴,2015/07/09 21:26:44,0.1,107.02
6051,POS消费,地点887,淋浴,2015/07/09 21:27:29,0.9,106.12
6051,POS消费,地点325,淋浴,2015/07/09 22:00:34,0.7,105.42
6051,POS消费,地点1155,食堂,2015/07/10 08:59:04,3.8,101.62
6051,POS消费,地点83,食堂,2015/07/10 15:14:58,5.0,96.62
6051,POS消费,地点1961,超市,2015/07/10 17:01:02,50.0,46.62
6051,POS消费,地点1961,超市,2015/07/10 17:01:05,1.7,44.92
6051,POS消费,地点887,淋浴,2015/07/12 22:38:01,0.7,44.22
6051,POS消费,地点1155,食堂,2015/07/16 08:49:27,3.8,40.42
6051,POS消费,地点1334,洗衣房,2015/07/16 12:18:22,3.6,36.82
6051,POS消费,地点1298,洗衣房,2015/07/16 16:03:38,3.6,33.22
6051,POS消费,地点1298,洗衣房,2015/07/16 16:55:03,-0.48,33.7
6051,POS消费,地点1334,洗衣房,2015/07/17 10:16:17,3.6,30.1
6051,POS消费,地点1334,洗衣房,2015/07/17 11:00:29,-0.96,31.06
6051,POS消费,地点21,开水,2015/07/17 19:26:52,3.0,28.06
6051,POS消费,地点378,淋浴,2015/07/18 00:03:50,1.9,26.16
6051,卡充值,,,2015/07/18 12:29:31,100.0,126.16
6051,POS消费,地点1961,超市,2015/07/18 13:04:37,38.1,88.06
6051,卡充值,,,2015/08/30 09:51:58,100.0,188.06
6051,POS消费,地点21,开水,2015/08/30 09:52:13,2.0,186.06
6051,POS消费,地点1961,超市,2015/08/30 10:26:40,50.0,136.06
6051,POS消费,地点1961,超市,2015/08/30 10:26:45,35.3,100.76
6051,POS消费,地点1155,食堂,2015/08/31 08:17:25,9.3,91.46
6051,POS消费,地点1155,食堂,2015/08/31 08:17:39,-9.3,100.76
6051,POS消费,地点1155,食堂,2015/08/31 08:17:44,8.3,92.46
6051,POS消费,地点1961,超市,2015/08/31 18:39:23,35.9,56.56
