11978,POS消费,地点799,淋浴,2013/09/01 07:32:47,0.5,888.92
11978,POS消费,地点72,食堂,2013/09/01 08:14:24,3.6,885.32
11978,POS消费,地点21,开水,2013/09/01 12:02:39,4.6,880.72
11978,POS消费,地点65,食堂,2013/09/01 18:07:28,4.6,876.12
11978,POS消费,地点799,淋浴,2013/09/02 08:24:00,0.5,872.02
11978,POS消费,地点175,洗衣房,2013/09/02 08:24:02,3.6,872.52
11978,POS消费,地点175,洗衣房,2013/09/02 08:24:05,-1.02,873.04
11978,POS消费,地点107,淋浴,2013/09/02 08:40:56,0.4,872.64
11978,POS消费,地点21,开水,2013/09/02 12:18:21,6.8,865.84
11978,POS消费,地点21,开水,2013/09/02 18:18:12,4.6,861.24
11978,POS消费,地点21,开水,2013/09/02 18:18:30,6.6,854.64
11978,POS消费,地点188,超市,2013/09/02 18:35:15,4.3,850.34
11978,POS消费,地点799,淋浴,2013/09/02 21:53:17,0.5,849.84
11978,POS消费,地点174,洗衣房,2013/09/02 22:20:04,-0.54,846.78
11978,POS消费,地点174,洗衣房,2013/09/02 22:20:04,3.6,846.24
11978,POS消费,地点107,淋浴,2013/09/03 05:55:12,0.3,846.48
11978,POS消费,地点266,食堂,2013/09/03 08:00:09,1.8,844.68
11978,POS消费,地点820,食堂,2013/09/03 12:40:55,8.6,836.08
11978,POS消费,地点26,图书馆,2013/09/03 13:03:13,10.1,825.98
11978,POS消费,地点91,校车,2013/09/03 18:25:08,7.6,818.38
11978,POS消费,地点709,淋浴,2013/09/03 20:36:27,0.4,817.98
11978,POS消费,地点175,洗衣房,2013/09/03 20:44:11,3.6,814.38
11978,POS消费,地点175,洗衣房,2013/09/03 20:44:11,-0.54,814.92
11978,POS消费,地点107,淋浴,2013/09/04 06:10:20,0.2,814.72
11978,POS消费,地点241,食堂,2013/09/04 08:00:07,2.43,812.29
11978,POS消费,地点60,食堂,2013/09/04 12:22:34,5.6,806.69
11978,POS消费,地点818,食堂,2013/09/04 18:13:34,8.6,798.09
11978,POS消费,地点841,食堂,2013/09/04 18:27:06,1.0,797.09
11978,POS消费,地点709,淋浴,2013/09/04 21:50:58,0.7,796.39
11978,POS消费,地点21,开水,2013/09/05 07:53:57,3.63,792.76
11978,POS消费,地点21,开水,2013/09/05 07:54:21,2.23,790.53
11978,POS消费,地点21,开水,2013/09/05 12:24:41,3.2,787.33
11978,POS消费,地点21,开水,2013/09/05 12:24:51,5.0,782.33
11978,POS消费,地点188,超市,2013/09/05 12:33:21,6.0,776.33
11978,POS消费,地点241,食堂,2013/09/05 18:03:10,8.6,767.73
11978,POS消费,地点841,食堂,2013/09/05 18:15:58,2.0,765.73
11978,POS消费,地点174,洗衣房,2013/09/05 21:58:49,-0.9,762.53
11978,POS消费,地点174,洗衣房,2013/09/05 21:58:49,3.6,762.13
11978,POS消费,地点799,淋浴,2013/09/05 22:04:40,0.5,761.63
11978,POS消费,地点91,校车,2013/09/06 07:32:44,6.9,755.63
11978,POS消费,地点188,超市,2013/09/06 11:59:13,9.5,744.83
11978,POS消费,地点213,食堂,2013/09/06 11:59:30,1.3,754.33
11978,POS消费,地点21,开水,2013/09/06 17:43:43,8.6,736.23
11978,POS消费,地点217,食堂,2013/09/06 17:57:05,2.9,733.33
11978,POS消费,地点175,洗衣房,2013/09/06 21:07:31,-0.72,730.45
11978,POS消费,地点175,洗衣房,2013/09/06 21:07:31,3.6,729.73
11978,POS消费,地点107,淋浴,2013/09/06 22:38:53,0.8,729.65
11978,POS消费,地点241,食堂,2013/09/07 07:27:19,5.03,724.62
11978,POS消费,地点65,食堂,2013/09/07 11:47:21,4.1,720.52
11978,POS消费,地点21,开水,2013/09/07 17:44:47,6.0,714.52
11978,POS消费,地点21,开水,2013/09/07 18:04:10,4.0,707.62
11978,POS消费,地点217,食堂,2013/09/07 18:05:03,2.9,711.62
11978,POS消费,地点798,淋浴,2013/09/07 22:59:46,0.9,706.72
11978,POS消费,地点21,开水,2013/09/08 07:33:30,2.53,704.19
11978,POS消费,地点21,开水,2013/09/08 11:42:43,5.0,699.19
11978,POS消费,地点841,食堂,2013/09/08 11:46:38,2.9,696.29
11978,POS消费,地点821,食堂,2013/09/08 17:42:51,5.6,690.69
11978,POS消费,地点841,食堂,2013/09/08 17:47:36,3.0,687.69
11978,POS消费,地点175,洗衣房,2013/09/08 21:32:51,3.6,684.09
11978,POS消费,地点175,洗衣房,2013/09/08 21:32:51,-0.66,684.75
11978,POS消费,地点798,淋浴,2013/09/08 22:31:03,0.8,683.95
11978,POS消费,地点260,食堂,2013/09/09 12:02:00,1.0,682.95
11978,POS消费,地点188,超市,2013/09/09 12:14:23,6.0,676.95
11978,POS消费,地点820,食堂,2013/09/09 17:46:02,4.6,672.35
11978,POS消费,地点841,食堂,2013/09/09 17:53:08,3.0,669.35
11978,POS消费,地点175,洗衣房,2013/09/09 21:25:25,3.6,665.75
11978,POS消费,地点175,洗衣房,2013/09/09 21:25:25,-0.96,665.91
11978,POS消费,地点709,淋浴,2013/09/09 21:28:30,0.8,664.95
11978,POS消费,地点21,开水,2013/09/10 07:11:41,2.63,663.28
11978,POS消费,地点65,食堂,2013/09/10 11:48:29,5.6,657.68
11978,POS消费,地点820,食堂,2013/09/10 17:37:15,5.6,652.08
11978,POS消费,地点175,洗衣房,2013/09/10 21:26:22,-0.48,648.96
11978,POS消费,地点175,洗衣房,2013/09/10 21:26:22,3.6,648.48
11978,POS消费,地点107,淋浴,2013/09/10 23:51:08,0.8,648.16
11978,POS消费,地点266,食堂,2013/09/11 07:18:18,5.13,643.03
11978,POS消费,地点188,超市,2013/09/11 11:51:44,11.0,632.03
11978,POS消费,地点21,开水,2013/09/11 13:15:44,8.5,623.53
11978,POS消费,地点841,食堂,2013/09/11 17:24:23,3.0,615.93
11978,POS消费,地点232,食堂,2013/09/11 17:25:46,4.6,618.93
11978,POS消费,地点175,洗衣房,2013/09/11 21:04:51,3.6,612.33
11978,POS消费,地点175,洗衣房,2013/09/11 21:04:51,-0.96,613.29
11978,POS消费,地点175,洗衣房,2013/09/11 21:49:30,3.6,609.69
11978,POS消费,地点175,洗衣房,2013/09/11 21:49:30,-1.02,609.81
11978,POS消费,地点799,淋浴,2013/09/11 22:18:13,0.9,608.79
11978,POS消费,地点241,食堂,2013/09/12 07:18:11,4.23,605.58
11978,POS消费,地点60,食堂,2013/09/12 11:40:49,4.6,600.98
11978,POS消费,地点219,超市,2013/09/12 14:02:17,2.0,598.98
11978,POS消费,地点232,食堂,2013/09/12 17:31:26,4.6,594.38
11978,POS消费,地点841,食堂,2013/09/12 17:31:31,2.9,591.48
11978,POS消费,地点192,超市,2013/09/12 21:07:03,4.5,586.98
11978,POS消费,地点175,洗衣房,2013/09/12 21:20:06,3.6,583.38
11978,POS消费,地点175,洗衣房,2013/09/12 21:20:06,-0.96,583.64
11978,POS消费,地点107,淋浴,2013/09/12 21:26:38,0.7,582.68
11978,POS消费,地点241,食堂,2013/09/13 07:15:26,5.43,578.21
11978,POS消费,地点65,食堂,2013/09/13 11:31:06,4.6,573.61
11978,POS消费,地点218,食堂,2013/09/13 11:34:50,2.9,570.71
11978,POS消费,地点842,食堂,2013/09/13 17:12:53,5.0,565.71
11978,POS消费,地点257,食堂,2013/09/13 17:15:24,2.9,562.81
11978,POS消费,地点175,洗衣房,2013/09/13 21:25:59,-0.84,559.25
11978,POS消费,地点175,洗衣房,2013/09/13 21:25:59,3.6,559.21
11978,POS消费,地点799,淋浴,2013/09/13 21:34:58,0.1,559.11
11978,POS消费,地点107,淋浴,2013/09/13 21:36:16,0.7,558.41
11978,POS消费,地点175,洗衣房,2013/09/14 06:08:03,3.6,555.65
11978,POS消费,地点268,食堂,2013/09/14 07:18:20,3.73,551.92
11978,POS消费,地点798,淋浴,2013/09/14 12:02:13,1.0,550.92
11978,POS消费,地点203,食堂,2013/09/14 12:57:59,6.5,544.42
11978,POS消费,地点192,超市,2013/09/14 18:26:59,5.0,539.42
11978,POS消费,地点174,洗衣房,2013/09/14 20:29:52,-0.12,535.94
11978,POS消费,地点174,洗衣房,2013/09/14 20:29:52,3.6,535.82
11978,POS消费,地点107,淋浴,2013/09/14 21:35:29,0.7,535.24
11978,POS消费,地点107,淋浴,2013/09/15 09:13:01,0.4,534.84
11978,POS消费,地点21,开水,2013/09/15 09:52:48,7.9,526.94
11978,POS消费,地点195,超市,2013/09/15 16:06:00,30.0,496.94
11978,POS消费,地点195,超市,2013/09/15 16:06:03,22.7,474.24
11978,POS消费,地点175,洗衣房,2013/09/15 22:20:19,3.6,470.64
11978,POS消费,地点175,洗衣房,2013/09/15 22:20:19,-1.02,471.16
11978,POS消费,地点107,淋浴,2013/09/15 22:31:52,0.5,470.14
11978,POS消费,地点72,食堂,2013/09/16 07:10:06,3.5,467.66
11978,POS消费,地点60,食堂,2013/09/16 12:26:55,4.6,463.06
11978,POS消费,地点188,超市,2013/09/16 12:31:34,3.0,460.06
11978,POS消费,地点89,食堂,2013/09/16 17:35:41,3.0,457.06
11978,POS消费,地点192,超市,2013/09/16 17:45:52,3.5,453.56
11978,POS消费,地点174,洗衣房,2013/09/16 21:34:10,3.6,449.96
11978,POS消费,地点709,淋浴,2013/09/16 21:54:28,0.3,449.66
11978,POS消费,地点107,淋浴,2013/09/16 22:00:13,0.6,449.06
11978,POS消费,地点174,洗衣房,2013/09/17 06:40:25,3.6,445.46
11978,POS消费,地点21,开水,2013/09/17 07:12:26,3.7,441.76
11978,POS消费,地点61,食堂,2013/09/17 12:21:14,4.6,437.16
11978,POS消费,地点21,开水,2013/09/17 13:09:38,8.0,429.16
11978,POS消费,地点65,食堂,2013/09/17 17:33:39,4.6,424.56
11978,POS消费,地点243,食堂,2013/09/17 17:42:04,1.0,423.56
11978,POS消费,地点174,洗衣房,2013/09/17 21:26:08,3.6,419.96
11978,POS消费,地点174,洗衣房,2013/09/17 21:26:08,-0.24,419.3
11978,POS消费,地点709,淋浴,2013/09/17 22:07:51,0.9,419.06
11978,POS消费,地点174,洗衣房,2013/09/18 06:29:08,3.6,415.7
11978,POS消费,地点72,食堂,2013/09/18 07:09:58,4.5,411.2
11978,POS消费,地点21,开水,2013/09/18 11:02:35,4.6,406.6
11978,POS消费,地点174,洗衣房,2013/09/18 11:53:12,3.6,403.0
11978,POS消费,地点107,淋浴,2013/09/18 11:57:20,0.5,402.5
11978,POS消费,地点65,食堂,2013/09/18 18:06:29,4.6,397.9
11978,POS消费,地点175,洗衣房,2013/09/18 21:47:19,3.6,394.3
11978,POS消费,地点709,淋浴,2013/09/18 22:00:47,0.5,393.8
11978,POS消费,地点21,开水,2013/09/19 10:58:05,11.2,382.6
11978,POS消费,地点124,食堂,2013/09/19 17:38:02,3.0,379.6
11978,POS消费,地点188,超市,2013/09/20 10:31:46,9.9,369.7
11978,POS消费,地点192,超市,2013/09/20 19:27:26,10.2,359.5
11978,POS消费,地点16,开水,2013/09/20 19:31:30,0.04,359.46
11978,POS消费,地点174,洗衣房,2013/09/20 19:52:00,3.6,355.86
11978,POS消费,地点174,洗衣房,2013/09/20 19:52:00,-1.02,356.18
11978,POS消费,地点107,淋浴,2013/09/20 19:55:10,0.7,355.16
11978,POS消费,地点107,淋浴,2013/09/21 09:57:57,0.6,355.58
11978,POS消费,地点174,洗衣房,2013/09/21 10:37:46,3.6,351.98
11978,POS消费,地点203,食堂,2013/09/21 12:10:41,6.5,345.48
11978,POS消费,地点188,超市,2013/09/21 12:39:25,13.8,331.68
11978,POS消费,地点188,超市,2013/09/21 20:26:40,3.0,328.68
11978,POS消费,地点174,洗衣房,2013/09/21 21:33:34,-0.48,324.76
11978,POS消费,地点174,洗衣房,2013/09/21 21:33:34,3.6,325.08
11978,POS消费,地点798,淋浴,2013/09/21 21:41:42,0.8,324.28
11978,POS消费,地点72,食堂,2013/09/22 07:18:32,4.3,320.46
11978,POS消费,地点72,食堂,2013/09/22 12:17:09,4.66,315.8
11978,POS消费,地点72,食堂,2013/09/22 12:17:12,4.6,311.2
11978,POS消费,地点60,食堂,2013/09/22 18:13:43,4.6,306.6
11978,POS消费,地点21,开水,2013/09/22 21:39:36,8.2,298.4
11978,POS消费,地点174,洗衣房,2013/09/22 21:43:10,3.6,294.8
11978,POS消费,地点174,洗衣房,2013/09/22 21:43:10,-0.96,294.66
11978,POS消费,地点799,淋浴,2013/09/22 22:07:15,0.1,294.7
11978,POS消费,地点709,淋浴,2013/09/22 22:08:17,1.0,293.7
11978,POS消费,地点21,开水,2013/09/23 07:18:38,3.5,291.16
11978,POS消费,地点21,开水,2013/09/23 12:06:58,10.4,280.76
11978,POS消费,地点21,开水,2013/09/23 21:44:04,6.0,274.76
11978,POS消费,地点72,食堂,2013/09/24 07:16:03,4.5,270.26
11978,POS消费,地点103,食堂,2013/09/24 12:15:23,4.6,265.66
11978,POS消费,地点61,食堂,2013/09/24 18:39:54,3.1,262.56
11978,POS消费,地点21,开水,2013/09/24 21:34:20,6.6,255.96
11978,POS消费,地点174,洗衣房,2013/09/24 21:39:26,-0.78,252.04
11978,POS消费,地点174,洗衣房,2013/09/24 21:39:26,3.6,252.36
11978,POS消费,地点799,淋浴,2013/09/24 21:54:58,0.1,252.26
11978,POS消费,地点107,淋浴,2013/09/24 21:58:01,1.0,251.26
11978,POS消费,地点174,洗衣房,2013/09/25 06:42:45,3.6,248.44
11978,POS消费,地点72,食堂,2013/09/25 07:18:56,4.3,244.14
11978,POS消费,地点61,食堂,2013/09/25 12:07:57,3.6,240.54
11978,POS消费,地点91,校车,2013/09/25 18:04:03,5.6,234.94
11978,POS消费,地点21,开水,2013/09/25 21:48:05,4.8,230.14
11978,POS消费,地点798,淋浴,2013/09/25 22:21:57,1.1,229.04
11978,POS消费,地点72,食堂,2013/09/26 07:17:00,4.5,224.54
11978,POS消费,地点87,食堂,2013/09/26 12:13:33,5.6,218.94
11978,POS消费,地点21,开水,2013/09/26 18:01:20,1.8,217.14
11978,POS消费,地点174,洗衣房,2013/09/26 22:20:22,3.6,213.54
11978,POS消费,地点174,洗衣房,2013/09/26 22:20:22,-1.02,213.76
11978,POS消费,地点107,淋浴,2013/09/26 22:29:38,0.8,212.74
11978,POS消费,地点21,开水,2013/09/27 08:38:15,5.9,207.86
11978,POS消费,地点526,食堂,2013/09/27 08:43:53,4.0,203.86
11978,POS消费,地点203,食堂,2013/09/27 11:10:52,5.5,198.36
11978,POS消费,地点21,开水,2013/09/27 17:58:12,3.6,194.76
11978,POS消费,地点89,食堂,2013/09/28 12:26:32,4.5,190.26
11978,POS消费,地点188,超市,2013/09/28 12:47:29,8.8,181.46
11978,POS消费,地点21,开水,2013/09/28 17:32:22,1.8,179.66
11978,POS消费,地点174,洗衣房,2013/09/28 22:29:12,-0.9,176.06
11978,POS消费,地点174,洗衣房,2013/09/28 22:29:12,3.6,176.06
11978,POS消费,地点107,淋浴,2013/09/28 22:34:56,0.9,175.16
11978,POS消费,地点21,开水,2013/09/29 12:07:46,1.5,172.76
11978,POS消费,地点21,开水,2013/09/29 12:07:47,1.8,174.26
11978,POS消费,地点239,食堂,2013/09/29 12:12:34,7.3,165.46
11978,POS消费,地点60,食堂,2013/09/29 18:14:01,4.6,160.86
11978,POS消费,地点192,超市,2013/09/29 18:22:08,7.0,153.86
11978,POS消费,地点107,淋浴,2013/09/29 22:42:13,0.8,153.06
11978,POS消费,地点526,食堂,2013/09/30 07:22:30,2.5,150.56
11978,POS消费,地点21,开水,2013/09/30 12:04:11,12.9,137.66
11978,POS消费,地点60,食堂,2013/09/30 18:07:24,4.6,133.06
11978,POS消费,地点188,超市,2013/09/30 21:53:38,11.2,121.86
11978,POS消费,地点107,淋浴,2013/09/30 23:32:52,1.0,120.86
11978,POS消费,地点16,开水,2013/09/30 23:52:32,0.03,120.83
11978,POS消费,地点118,食堂,2013/10/01 11:38:28,10.0,110.83
11978,POS消费,地点210,校车,2013/10/01 11:44:03,4.0,106.83
11978,POS消费,地点107,淋浴,2013/10/01 23:33:51,1.0,105.83
11978,POS消费,地点175,洗衣房,2013/10/01 23:58:32,3.6,102.23
11978,POS消费,地点175,洗衣房,2013/10/01 23:58:32,-0.36,102.59
11978,POS消费,地点21,开水,2013/10/02 11:52:51,7.2,95.39
11978,POS消费,地点21,开水,2013/10/02 11:53:14,3.2,92.19
11978,POS消费,地点16,开水,2013/10/02 11:57:12,0.04,92.15
11978,POS消费,地点247,食堂,2013/10/02 18:03:59,15.0,77.15
11978,POS消费,地点107,淋浴,2013/10/03 01:21:40,1.2,75.95
11978,POS消费,地点16,开水,2013/10/03 11:34:07,0.04,75.91
11978,POS消费,地点175,洗衣房,2013/10/03 23:35:49,3.6,72.31
11978,POS消费,地点175,洗衣房,2013/10/03 23:35:49,-0.48,71.69
11978,POS消费,地点107,淋浴,2013/10/03 23:39:23,1.1,71.21
11978,卡充值,,,2013/10/04 11:44:02,500.0,571.69
11978,POS消费,地点203,食堂,2013/10/04 11:54:47,6.5,565.19
11978,POS消费,地点188,超市,2013/10/04 12:10:26,8.2,556.99
11978,POS消费,地点21,开水,2013/10/04 12:35:57,6.0,550.99
11978,POS消费,地点107,淋浴,2013/10/05 01:10:53,1.0,549.99
11978,POS消费,地点118,食堂,2013/10/05 10:27:41,9.0,540.99
11978,POS消费,地点203,食堂,2013/10/05 16:48:05,6.5,534.49
11978,POS消费,地点192,超市,2013/10/05 17:06:31,9.0,525.49
11978,POS消费,地点107,淋浴,2013/10/06 01:00:00,1.0,524.49
11978,POS消费,地点65,食堂,2013/10/06 11:45:53,4.1,520.39
11978,POS消费,地点188,超市,2013/10/06 18:19:30,8.1,512.29
11978,POS消费,地点16,开水,2013/10/06 18:22:23,0.05,512.24
11978,POS消费,地点175,洗衣房,2013/10/06 22:47:37,3.6,508.64
11978,POS消费,地点107,淋浴,2013/10/06 22:51:36,0.7,507.94
11978,POS消费,地点175,洗衣房,2013/10/07 09:37:52,3.6,504.34
11978,POS消费,地点16,开水,2013/10/07 11:34:22,0.04,504.3
11978,POS消费,地点272,食堂,2013/10/07 17:05:39,12.6,491.7
11978,POS消费,地点107,淋浴,2013/10/07 20:27:51,0.8,490.9
11978,POS消费,地点118,食堂,2013/10/08 07:21:19,4.0,486.9
11978,POS消费,地点134,食堂,2013/10/08 12:18:49,4.6,482.3
11978,POS消费,地点16,开水,2013/10/08 13:15:06,0.02,482.28
11978,POS消费,地点60,食堂,2013/10/08 17:56:48,8.6,473.68
11978,POS消费,地点21,开水,2013/10/08 21:45:09,7.2,466.48
11978,POS消费,地点107,淋浴,2013/10/08 22:13:37,0.7,465.78
11978,POS消费,地点526,食堂,2013/10/09 07:18:20,9.0,456.78
11978,POS消费,地点61,食堂,2013/10/09 18:20:34,4.1,452.68
11978,POS消费,地点174,洗衣房,2013/10/09 21:36:26,3.6,449.08
11978,POS消费,地点174,洗衣房,2013/10/09 21:36:26,-1.02,449.3
11978,POS消费,地点709,淋浴,2013/10/09 21:58:11,0.8,448.28
11978,POS消费,地点118,食堂,2013/10/10 07:23:46,9.0,440.3
11978,POS消费,地点21,开水,2013/10/10 12:20:44,2.5,432.2
11978,POS消费,地点236,食堂,2013/10/10 12:24:35,5.6,434.7
11978,POS消费,地点157,食堂,2013/10/10 18:14:15,5.6,426.6
11978,POS消费,地点107,淋浴,2013/10/10 21:59:17,1.0,425.6
11978,POS消费,地点526,食堂,2013/10/11 07:25:26,3.0,422.6
11978,POS消费,地点21,开水,2013/10/11 12:08:11,1.2,416.6
11978,POS消费,地点236,食堂,2013/10/11 12:10:55,4.8,417.8
11978,POS消费,地点21,开水,2013/10/11 12:18:57,2.9,413.7
11978,POS消费,地点65,食堂,2013/10/11 18:12:42,4.1,409.6
11978,POS消费,地点21,开水,2013/10/11 22:04:24,6.0,403.6
11978,POS消费,地点709,淋浴,2013/10/12 00:48:04,0.8,402.8
11978,POS消费,地点118,食堂,2013/10/12 07:35:21,5.0,397.8
11978,POS消费,地点21,开水,2013/10/12 12:16:45,2.5,389.4
11978,POS消费,地点236,食堂,2013/10/12 12:17:28,5.0,392.8
11978,POS消费,地点236,食堂,2013/10/12 12:17:32,0.9,391.9
11978,POS消费,地点21,开水,2013/10/12 12:28:05,2.9,386.5
11978,POS消费,地点188,超市,2013/10/12 16:12:31,8.2,378.3
11978,POS消费,地点16,开水,2013/10/12 17:51:24,0.04,378.26
11978,POS消费,地点21,开水,2013/10/12 20:19:33,9.9,368.36
11978,POS消费,地点709,淋浴,2013/10/13 08:07:04,0.9,367.46
11978,POS消费,地点118,食堂,2013/10/13 08:57:02,9.0,358.46
11978,POS消费,地点61,食堂,2013/10/13 12:25:18,5.4,353.06
11978,POS消费,地点91,校车,2013/10/13 17:48:59,8.4,344.66
11978,POS消费,地点709,淋浴,2013/10/13 22:30:36,1.1,343.56
11978,POS消费,地点118,食堂,2013/10/14 07:24:34,9.0,334.56
11978,POS消费,地点134,食堂,2013/10/14 12:19:11,4.6,329.96
11978,POS消费,地点192,超市,2013/10/14 16:37:15,6.0,323.96
11978,POS消费,地点192,超市,2013/10/14 16:37:20,0.5,323.46
11978,POS消费,地点16,开水,2013/10/14 18:23:34,0.04,323.42
11978,POS消费,地点118,食堂,2013/10/15 07:24:32,8.5,314.92
11978,POS消费,地点92,食堂,2013/10/15 12:19:17,4.1,310.82
11978,POS消费,地点92,食堂,2013/10/15 12:19:31,4.1,306.72
11978,POS消费,地点21,开水,2013/10/15 16:40:46,7.8,298.92
11978,POS消费,地点16,开水,2013/10/15 17:54:02,0.05,298.87
11978,POS消费,地点174,洗衣房,2013/10/15 18:53:05,3.6,295.27
11978,POS消费,地点709,淋浴,2013/10/16 00:41:47,1.4,293.87
11978,POS消费,地点118,食堂,2013/10/16 07:21:38,6.7,287.17
11978,POS消费,地点91,校车,2013/10/16 12:04:25,4.6,282.57
11978,POS消费,地点192,超市,2013/10/16 12:21:14,20.6,261.97
11978,POS消费,地点21,开水,2013/10/16 16:22:58,3.5,258.47
11978,POS消费,地点157,食堂,2013/10/16 18:10:36,5.6,252.87
11978,POS消费,地点709,淋浴,2013/10/16 23:37:09,0.9,251.97
11978,POS消费,地点526,食堂,2013/10/17 07:32:46,8.1,243.87
11978,POS消费,地点118,食堂,2013/10/17 07:32:53,6.7,237.17
11978,POS消费,地点21,开水,2013/10/17 12:11:38,1.8,235.37
11978,POS消费,地点21,开水,2013/10/17 12:12:04,1.5,233.87
11978,POS消费,地点253,食堂,2013/10/17 12:13:37,4.2,229.67
11978,POS消费,地点188,超市,2013/10/17 14:23:10,3.5,226.17
11978,POS消费,地点21,开水,2013/10/17 17:44:18,4.6,221.57
11978,POS消费,地点192,超市,2013/10/17 21:02:32,21.4,200.17
11978,POS消费,地点709,淋浴,2013/10/17 21:30:30,0.9,199.27
11978,POS消费,地点192,超市,2013/10/18 14:25:08,13.3,185.97
11978,POS消费,地点192,超市,2013/10/18 14:25:15,6.8,179.17
11978,POS消费,地点89,食堂,2013/10/18 18:03:02,3.0,176.17
11978,POS消费,地点526,食堂,2013/10/18 19:19:00,3.5,172.67
11978,POS消费,地点118,食堂,2013/10/19 08:55:41,11.6,161.07
11978,POS消费,地点21,开水,2013/10/19 14:15:06,12.2,148.87
11978,POS消费,地点21,开水,2013/10/19 17:28:32,12.1,136.77
11978,POS消费,地点16,开水,2013/10/19 20:41:25,0.04,136.73
11978,POS消费,地点709,淋浴,2013/10/19 21:57:23,1.0,132.13
11978,POS消费,地点174,洗衣房,2013/10/19 21:59:51,3.6,133.13
11978,POS消费,地点174,洗衣房,2013/10/19 22:42:36,-1.02,133.15
11978,POS消费,地点21,开水,2013/10/20 12:37:57,5.1,128.05
11978,POS消费,地点203,食堂,2013/10/20 17:31:26,6.5,121.55
11978,POS消费,地点21,开水,2013/10/20 20:10:15,4.0,117.55
11978,POS消费,地点118,食堂,2013/10/21 07:32:47,6.1,111.45
11978,POS消费,地点134,食堂,2013/10/21 12:20:21,4.6,106.85
11978,POS消费,地点21,开水,2013/10/21 16:16:26,8.3,98.55
11978,POS消费,地点21,开水,2013/10/21 21:13:07,6.8,91.75
11978,POS消费,地点16,开水,2013/10/21 21:14:18,0.04,91.71
11978,POS消费,地点709,淋浴,2013/10/21 23:40:50,1.1,90.61
11978,POS消费,地点709,淋浴,2013/10/22 07:49:06,0.5,90.11
11978,POS消费,地点175,洗衣房,2013/10/22 08:02:15,3.6,86.51
11978,POS消费,地点118,食堂,2013/10/22 08:27:42,6.1,80.41
11978,POS消费,地点21,开水,2013/10/22 12:08:32,6.8,73.61
11978,POS消费,地点16,开水,2013/10/22 12:17:30,0.04,73.57
11978,POS消费,地点60,食堂,2013/10/22 17:54:43,6.4,67.17
11978,POS消费,地点118,食堂,2013/10/23 08:22:11,12.5,54.67
11978,POS消费,地点272,食堂,2013/10/23 11:03:14,10.0,44.67
11978,POS消费,地点526,食堂,2013/10/23 16:13:42,3.5,41.17
11978,POS消费,地点188,超市,2013/10/23 18:04:29,6.0,35.17
11978,POS消费,地点16,开水,2013/10/23 18:12:19,0.04,35.13
11978,POS消费,地点175,洗衣房,2013/10/23 21:19:27,3.6,31.53
11978,POS消费,地点175,洗衣房,2013/10/23 21:19:27,-1.02,32.55
11978,POS消费,地点709,淋浴,2013/10/24 00:04:37,0.8,31.75
11978,POS消费,地点709,淋浴,2013/10/24 08:22:22,0.8,30.95
11978,POS消费,地点175,洗衣房,2013/10/24 09:19:47,3.6,27.35
11978,卡充值,,,2013/10/24 10:03:09,100.0,127.35
11978,POS消费,地点272,食堂,2013/10/24 12:07:56,12.0,115.35
11978,POS消费,地点526,食堂,2013/10/24 13:11:16,3.5,111.85
11978,卡充值,,,2013/10/24 14:22:28,400.0,511.85
11978,POS消费,地点526,食堂,2013/10/24 16:10:36,3.5,508.35
11978,POS消费,地点16,开水,2013/10/24 18:08:41,0.04,508.31
11978,POS消费,地点21,开水,2013/10/24 21:17:19,17.0,491.31
11978,POS消费,地点107,淋浴,2013/10/24 22:56:21,1.1,490.21
11978,POS消费,地点118,食堂,2013/10/25 07:26:12,12.1,478.11
11978,POS消费,地点272,食堂,2013/10/25 12:02:04,12.6,465.51
11978,POS消费,地点118,食堂,2013/10/25 14:16:45,4.3,461.21
11978,POS消费,地点21,开水,2013/10/25 17:13:13,4.6,456.61
11978,POS消费,地点21,开水,2013/10/25 17:42:49,17.5,439.11
11978,POS消费,地点16,开水,2013/10/25 23:21:18,0.04,439.07
11978,POS消费,地点107,淋浴,2013/10/26 03:30:37,1.0,438.07
11978,POS消费,地点89,食堂,2013/10/26 12:24:25,3.0,435.07
11978,POS消费,地点799,淋浴,2013/10/27 00:29:03,0.9,434.17
11978,POS消费,地点188,超市,2013/10/27 13:38:34,28.6,405.57
11978,POS消费,地点188,超市,2013/10/27 13:38:40,0.3,405.27
11978,POS消费,地点272,食堂,2013/10/27 17:50:29,12.6,392.67
11978,POS消费,地点258,食堂,2013/10/27 17:53:58,3.2,389.47
11978,POS消费,地点192,超市,2013/10/27 21:20:16,4.6,384.87
11978,POS消费,地点118,食堂,2013/10/28 07:35:41,9.6,375.27
11978,POS消费,地点16,开水,2013/10/28 18:12:48,0.03,375.24
11978,POS消费,地点107,淋浴,2013/10/28 23:28:50,0.9,374.34
11978,POS消费,地点526,食堂,2013/10/29 07:17:58,6.1,368.24
11978,POS消费,地点203,食堂,2013/10/29 12:14:28,6.5,361.74
11978,POS消费,地点175,洗衣房,2013/10/29 12:44:47,3.6,358.14
11978,POS消费,地点21,开水,2013/10/29 16:14:30,10.5,347.64
11978,POS消费,地点21,开水,2013/10/29 16:14:38,10.0,337.64
11978,POS消费,地点16,开水,2013/10/29 17:54:57,0.04,337.6
11978,POS消费,地点192,超市,2013/10/29 22:05:40,8.1,329.5
11978,POS消费,地点107,淋浴,2013/10/29 23:41:22,1.2,328.3
11978,POS消费,地点118,食堂,2013/10/30 07:22:46,6.7,321.6
11978,POS消费,地点203,食堂,2013/10/30 10:47:13,6.5,315.1
11978,POS消费,地点162,食堂,2013/10/30 18:02:20,5.6,309.5
11978,POS消费,地点192,超市,2013/10/30 21:57:43,12.8,296.7
11978,POS消费,地点709,淋浴,2013/10/30 22:46:28,0.7,296.0
11978,POS消费,地点175,洗衣房,2013/10/30 23:04:27,-0.9,293.3
11978,POS消费,地点175,洗衣房,2013/10/30 23:04:27,3.6,292.4
11978,POS消费,地点118,食堂,2013/10/31 07:20:00,6.1,287.2
11978,POS消费,地点89,食堂,2013/10/31 12:20:15,3.0,284.2
11978,POS消费,地点21,开水,2013/10/31 17:43:46,4.6,279.6
11978,POS消费,地点21,开水,2013/10/31 20:49:03,6.6,273.0
11978,POS消费,地点709,淋浴,2013/10/31 22:28:50,1.3,271.7
11978,POS消费,地点118,食堂,2013/11/01 07:21:03,6.1,265.6
11978,POS消费,地点203,食堂,2013/11/01 12:04:26,6.5,259.1
11978,POS消费,地点89,食堂,2013/11/01 17:36:53,4.5,254.6
11978,POS消费,地点21,开水,2013/11/01 17:53:23,9.8,244.8
11978,POS消费,地点709,淋浴,2013/11/02 00:57:57,1.0,243.8
11978,POS消费,地点203,食堂,2013/11/02 12:59:01,6.5,237.3
11978,POS消费,地点26,图书馆,2013/11/02 14:15:43,12.0,225.3
11978,POS消费,地点21,开水,2013/11/02 20:30:31,8.0,217.3
11978,POS消费,地点107,淋浴,2013/11/02 20:38:58,1.0,216.3
11978,POS消费,地点16,开水,2013/11/02 21:16:17,0.04,216.26
11978,POS消费,地点60,食堂,2013/11/03 11:50:29,4.6,211.66
11978,POS消费,地点60,食堂,2013/11/03 11:50:54,4.6,207.06
11978,POS消费,地点21,开水,2013/11/03 17:38:57,10.9,196.16
11978,POS消费,地点21,开水,2013/11/03 22:05:46,7.2,188.96
11978,POS消费,地点526,食堂,2013/11/04 07:21:58,12.5,176.46
11978,POS消费,地点188,超市,2013/11/04 12:07:18,10.4,166.06
11978,POS消费,地点703,开水,2013/11/04 12:12:52,0.04,166.02
11978,POS消费,地点188,超市,2013/11/04 18:54:14,6.7,159.32
11978,POS消费,地点709,淋浴,2013/11/04 22:13:48,1.2,158.12
11978,POS消费,地点526,食堂,2013/11/05 07:28:31,6.7,151.42
11978,POS消费,地点232,食堂,2013/11/05 12:06:03,15.0,136.42
11978,POS消费,地点21,开水,2013/11/05 16:13:28,7.5,128.92
11978,POS消费,地点16,开水,2013/11/05 18:02:45,0.03,128.89
11978,POS消费,地点21,开水,2013/11/05 22:11:01,6.0,122.89
11978,POS消费,地点709,淋浴,2013/11/05 22:34:51,0.8,122.09
11978,POS消费,地点526,食堂,2013/11/06 07:23:45,6.7,115.39
11978,POS消费,地点188,超市,2013/11/06 10:55:05,11.7,103.69
11978,POS消费,地点16,开水,2013/11/06 12:07:03,0.03,103.66
11978,POS消费,地点174,洗衣房,2013/11/06 14:03:35,-1.02,101.08
11978,POS消费,地点174,洗衣房,2013/11/06 14:03:35,3.6,100.06
11978,POS消费,地点174,洗衣房,2013/11/06 14:53:05,3.6,97.48
11978,卡充值,,,2013/11/06 15:32:21,500.0,597.48
11978,POS消费,地点21,开水,2013/11/06 15:35:06,4.5,592.98
11978,POS消费,地点174,洗衣房,2013/11/06 15:41:31,-0.66,593.64
11978,POS消费,地点21,开水,2013/11/06 21:45:09,5.7,587.94
11978,POS消费,地点107,淋浴,2013/11/06 22:01:17,1.1,586.84
11978,POS消费,地点107,淋浴,2013/11/06 22:12:40,0.1,586.74
11978,POS消费,地点118,食堂,2013/11/07 07:32:26,6.1,580.64
11978,POS消费,地点272,食堂,2013/11/07 12:11:38,12.0,568.64
11978,POS消费,地点60,食堂,2013/11/07 18:10:12,4.6,564.04
11978,POS消费,地点799,淋浴,2013/11/07 21:31:08,0.8,563.24
11978,POS消费,地点526,食堂,2013/11/08 07:33:14,6.1,557.14
11978,POS消费,地点174,洗衣房,2013/11/08 08:13:55,3.6,553.54
11978,POS消费,地点174,洗衣房,2013/11/08 08:13:55,-1.02,554.56
11978,POS消费,地点60,食堂,2013/11/08 12:15:19,4.6,549.96
11978,POS消费,地点21,开水,2013/11/08 17:47:18,11.9,538.06
11978,POS消费,地点709,淋浴,2013/11/08 18:56:04,1.1,536.96
11978,POS消费,地点709,淋浴,2013/11/09 10:42:23,1.0,535.96
11978,POS消费,地点175,洗衣房,2013/11/09 10:58:17,3.6,532.36
11978,POS消费,地点175,洗衣房,2013/11/09 10:58:17,-1.02,533.38
11978,POS消费,地点16,开水,2013/11/09 11:51:48,0.04,533.34
11978,POS消费,地点60,食堂,2013/11/09 17:48:24,4.6,528.74
11978,POS消费,地点192,超市,2013/11/09 18:00:04,11.0,517.74
11978,POS消费,地点709,淋浴,2013/11/09 21:23:53,1.1,516.64
11978,POS消费,地点703,开水,2013/11/10 11:51:00,0.03,516.61
11978,POS消费,地点21,开水,2013/11/10 14:07:44,3.5,513.11
11978,POS消费,地点192,超市,2013/11/10 17:01:49,7.3,505.81
11978,POS消费,地点16,开水,2013/11/10 18:27:37,0.04,505.77
11978,POS消费,地点21,开水,2013/11/10 21:46:53,5.6,500.17
11978,POS消费,地点107,淋浴,2013/11/10 21:54:15,0.9,499.27
11978,POS消费,地点526,食堂,2013/11/11 07:30:56,6.1,493.17
11978,POS消费,地点91,校车,2013/11/11 11:57:24,14.9,478.27
11978,POS消费,地点188,超市,2013/11/11 12:28:22,30.0,448.27
11978,POS消费,地点188,超市,2013/11/11 12:28:27,2.7,445.57
11978,POS消费,地点16,开水,2013/11/11 18:09:44,0.03,445.54
11978,POS消费,地点107,淋浴,2013/11/11 23:14:07,0.9,444.64
11978,POS消费,地点16,开水,2013/11/12 02:09:23,0.11,444.53
11978,POS消费,地点526,食堂,2013/11/12 10:20:21,6.1,438.43
11978,POS消费,地点21,开水,2013/11/12 12:21:28,8.7,429.73
11978,POS消费,地点203,食堂,2013/11/12 16:17:36,6.5,423.23
11978,POS消费,地点188,超市,2013/11/12 16:36:15,13.1,410.13
11978,POS消费,地点709,淋浴,2013/11/12 23:52:02,1.3,408.83
11978,POS消费,地点709,淋浴,2013/11/13 00:04:58,0.1,408.73
11978,POS消费,地点118,食堂,2013/11/13 07:21:06,6.1,402.63
11978,POS消费,地点60,食堂,2013/11/13 18:11:01,4.6,398.03
11978,POS消费,地点799,淋浴,2013/11/13 22:58:04,1.0,397.03
11978,POS消费,地点118,食堂,2013/11/14 07:21:09,6.1,390.93
11978,POS消费,地点21,开水,2013/11/14 12:10:55,7.2,383.73
11978,POS消费,地点16,开水,2013/11/14 12:12:05,0.03,383.7
11978,POS消费,地点272,食堂,2013/11/14 18:35:52,12.0,371.7
11978,POS消费,地点192,超市,2013/11/14 21:43:15,4.6,367.1
11978,POS消费,地点709,淋浴,2013/11/14 22:12:21,0.9,366.2
11978,POS消费,地点118,食堂,2013/11/15 07:24:01,6.1,360.1
11978,POS消费,地点272,食堂,2013/11/15 11:58:54,12.0,348.1
11978,POS消费,地点91,校车,2013/11/15 17:48:15,4.1,344.0
11978,POS消费,地点709,淋浴,2013/11/16 00:13:54,1.0,343.0
11978,POS消费,地点91,校车,2013/11/16 12:14:46,3.0,340.0
11978,POS消费,地点107,淋浴,2013/11/16 22:56:59,0.9,339.1
11978,POS消费,地点16,开水,2013/11/17 12:18:03,0.03,339.07
11978,POS消费,地点59,食堂,2013/11/17 17:40:50,4.6,334.47
11978,POS消费,地点188,超市,2013/11/17 17:59:49,11.3,323.17
11978,POS消费,地点709,淋浴,2013/11/17 23:10:05,1.3,321.87
11978,POS消费,地点118,食堂,2013/11/18 07:23:22,6.1,315.77
11978,POS消费,地点158,食堂,2013/11/18 11:07:56,7.1,308.67
11978,POS消费,地点60,食堂,2013/11/18 18:14:58,4.6,301.37
11978,POS消费,地点21,开水,2013/11/18 18:19:03,10.3,291.07
11978,POS消费,地点175,洗衣房,2013/11/18 19:38:10,3.6,305.07
11978,POS消费,地点175,洗衣房,2013/11/18 19:38:24,-0.9,305.97
11978,POS消费,地点21,开水,2013/11/18 21:43:58,30.0,261.07
11978,POS消费,地点21,开水,2013/11/18 21:44:01,18.5,242.57
11978,POS消费,地点709,淋浴,2013/11/19 00:21:28,1.0,241.57
11978,POS消费,地点526,食堂,2013/11/19 07:28:43,6.1,235.47
11978,POS消费,地点65,食堂,2013/11/19 12:17:03,4.6,230.87
11978,POS消费,地点89,食堂,2013/11/19 17:38:47,4.5,226.37
11978,POS消费,地点192,超市,2013/11/19 17:55:55,5.1,221.27
11978,POS消费,地点709,淋浴,2013/11/19 22:29:14,1.0,220.27
11978,POS消费,地点526,食堂,2013/11/20 07:28:24,6.1,214.17
11978,POS消费,地点27,教务处,2013/11/20 11:20:52,6.5,207.67
11978,POS消费,地点60,食堂,2013/11/20 18:10:46,4.6,203.07
11978,POS消费,地点21,开水,2013/11/20 18:13:44,5.7,197.37
11978,POS消费,地点175,洗衣房,2013/11/20 18:21:50,3.6,193.77
11978,POS消费,地点709,淋浴,2013/11/20 21:54:51,0.6,193.17
11978,POS消费,地点709,淋浴,2013/11/20 22:33:12,1.2,191.97
11978,POS消费,地点526,食堂,2013/11/21 07:30:57,6.1,185.87
11978,POS消费,地点272,食堂,2013/11/21 12:06:57,12.0,173.87
11978,POS消费,地点188,超市,2013/11/21 16:11:07,4.5,169.37
11978,POS消费,地点16,开水,2013/11/21 17:56:29,0.03,169.34
11978,POS消费,地点21,开水,2013/11/21 21:33:47,13.4,155.94
11978,POS消费,地点709,淋浴,2013/11/21 22:19:01,1.0,154.94
11978,POS消费,地点526,食堂,2013/11/22 07:21:24,7.1,147.84
11978,POS消费,地点91,校车,2013/11/22 11:57:03,6.8,141.04
11978,POS消费,地点174,洗衣房,2013/11/22 12:58:01,3.6,137.44
11978,POS消费,地点174,洗衣房,2013/11/22 12:58:01,-0.78,138.22
11978,POS消费,地点188,超市,2013/11/22 17:53:16,12.8,125.42
11978,POS消费,地点16,开水,2013/11/22 17:55:11,0.05,125.37
11978,POS消费,地点709,淋浴,2013/11/22 19:03:35,1.4,123.97
11978,POS消费,地点89,食堂,2013/11/23 12:07:04,4.5,119.47
11978,POS消费,地点188,超市,2013/11/23 17:29:31,6.4,113.07
11978,POS消费,地点16,开水,2013/11/23 21:39:04,0.03,113.04
11978,POS消费,地点175,洗衣房,2013/11/23 22:29:11,3.6,109.44
11978,POS消费,地点709,淋浴,2013/11/24 11:37:17,1.0,108.44
11978,POS消费,地点272,食堂,2013/11/24 17:47:16,12.0,96.44
11978,POS消费,地点21,开水,2013/11/24 18:02:56,3.8,92.64
11978,POS消费,地点21,开水,2013/11/24 21:13:26,9.2,83.44
11978,POS消费,地点118,食堂,2013/11/25 07:31:43,7.1,76.34
11978,POS消费,地点175,洗衣房,2013/11/25 10:36:39,3.6,72.74
11978,卡充值,,,2013/11/25 11:43:58,500.0,572.74
11978,POS消费,地点192,超市,2013/11/25 19:18:24,6.7,566.04
11978,POS消费,地点709,淋浴,2013/11/25 22:21:22,1.1,564.94
11978,POS消费,地点526,食堂,2013/11/26 07:23:07,7.1,557.84
11978,POS消费,地点188,超市,2013/11/26 12:10:14,8.3,549.54
11978,POS消费,地点16,开水,2013/11/26 12:11:05,0.05,549.49
11978,POS消费,地点91,校车,2013/11/26 18:11:06,4.6,544.89
11978,POS消费,地点188,超市,2013/11/26 18:19:36,9.7,535.19
11978,POS消费,地点107,淋浴,2013/11/26 22:03:58,1.3,533.89
11978,POS消费,地点526,食堂,2013/11/27 07:26:37,7.1,526.79
11978,POS消费,地点203,食堂,2013/11/27 11:10:19,6.5,520.29
11978,POS消费,地点162,食堂,2013/11/27 17:58:54,5.6,514.69
11978,POS消费,地点709,淋浴,2013/11/27 22:57:59,0.9,513.79
11978,POS消费,地点526,食堂,2013/11/28 07:26:26,7.1,506.69
11978,POS消费,地点174,洗衣房,2013/11/28 08:10:59,3.6,503.09
11978,POS消费,地点21,开水,2013/11/28 11:58:22,17.4,485.69
11978,POS消费,地点213,食堂,2013/11/28 17:14:45,0.15,485.54
11978,POS消费,地点89,食堂,2013/11/28 17:28:50,4.5,481.04
11978,POS消费,地点21,开水,2013/11/28 19:09:44,1.8,479.24
11978,POS消费,地点709,淋浴,2013/11/28 22:17:53,1.5,477.74
11978,POS消费,地点526,食堂,2013/11/29 07:28:05,7.1,470.64
11978,POS消费,地点91,校车,2013/11/29 12:08:55,4.6,466.04
11978,POS消费,地点272,食堂,2013/11/29 18:03:45,12.0,454.04
11978,POS消费,地点21,开水,2013/11/29 18:25:28,12.1,441.94
11978,POS消费,地点709,淋浴,2013/11/29 22:11:25,1.0,440.94
11978,POS消费,地点16,开水,2013/11/30 17:07:16,0.09,440.85
11978,POS消费,地点89,食堂,2013/11/30 18:05:39,4.5,436.35
11978,POS消费,地点21,开水,2013/11/30 18:21:47,7.8,428.55
11978,POS消费,地点709,淋浴,2013/11/30 21:20:14,1.3,427.25
11978,POS消费,地点89,食堂,2013/12/01 17:42:44,4.5,422.75
11978,POS消费,地点21,开水,2013/12/01 17:58:17,8.5,414.25
11978,POS消费,地点188,超市,2013/12/01 21:30:53,5.5,408.75
11978,POS消费,地点107,淋浴,2013/12/01 22:29:13,1.1,407.65
11978,POS消费,地点526,食堂,2013/12/02 07:27:46,7.1,400.55
11978,POS消费,地点203,食堂,2013/12/02 11:14:31,6.5,394.05
11978,POS消费,地点204,食堂,2013/12/02 11:15:02,5.5,388.55
11978,POS消费,地点188,超市,2013/12/02 11:27:18,5.2,383.35
11978,POS消费,地点174,洗衣房,2013/12/02 16:47:24,-0.9,377.05
11978,POS消费,地点174,洗衣房,2013/12/02 16:47:24,3.6,379.75
11978,POS消费,地点175,洗衣房,2013/12/02 16:47:38,3.6,376.15
11978,POS消费,地点175,洗衣房,2013/12/02 16:47:38,-0.9,377.95
11978,POS消费,地点203,食堂,2013/12/02 18:54:00,5.5,372.45
11978,POS消费,地点709,淋浴,2013/12/02 22:35:13,1.0,371.45
11978,POS消费,地点526,食堂,2013/12/03 07:32:35,7.1,364.35
11978,POS消费,地点65,食堂,2013/12/03 12:19:45,4.6,359.75
11978,POS消费,地点21,开水,2013/12/03 12:27:45,7.8,351.95
11978,POS消费,地点89,食堂,2013/12/03 17:58:46,4.5,347.45
11978,POS消费,地点107,淋浴,2013/12/03 22:26:17,1.3,346.15
11978,POS消费,地点204,食堂,2013/12/04 10:05:50,5.5,340.65
11978,POS消费,地点107,淋浴,2013/12/04 11:10:34,1.2,339.45
11978,POS消费,地点174,洗衣房,2013/12/04 11:29:33,3.6,335.85
11978,POS消费,地点174,洗衣房,2013/12/04 11:29:33,-0.6,333.75
11978,POS消费,地点175,洗衣房,2013/12/04 11:33:12,3.6,332.25
11978,POS消费,地点175,洗衣房,2013/12/04 11:33:12,-0.9,333.15
11978,POS消费,地点188,超市,2013/12/04 16:05:54,9.2,324.55
11978,POS消费,地点60,食堂,2013/12/04 18:12:48,4.6,319.95
11978,POS消费,地点192,超市,2013/12/04 21:03:57,4.3,315.65
11978,POS消费,地点709,淋浴,2013/12/04 22:22:32,0.9,314.75
11978,POS消费,地点204,食堂,2013/12/05 08:30:35,5.5,309.25
11978,POS消费,地点91,校车,2013/12/05 11:40:44,11.4,297.85
11978,POS消费,地点16,开水,2013/12/05 13:11:08,0.08,297.77
11978,POS消费,地点204,食堂,2013/12/05 18:40:15,5.5,292.27
11978,POS消费,地点188,超市,2013/12/05 18:49:14,4.5,287.77
11978,POS消费,地点709,淋浴,2013/12/05 21:05:04,0.9,286.87
11978,POS消费,地点526,食堂,2013/12/06 07:26:04,6.1,280.77
11978,POS消费,地点272,食堂,2013/12/06 12:02:23,12.0,268.77
11978,POS消费,地点65,食堂,2013/12/06 18:06:58,4.6,264.17
11978,POS消费,地点192,超市,2013/12/06 18:13:35,9.3,254.87
11978,POS消费,地点107,淋浴,2013/12/06 22:42:12,1.0,253.87
11978,POS消费,地点168,食堂,2013/12/07 13:38:34,5.5,248.37
11978,POS消费,地点204,食堂,2013/12/07 18:41:48,5.5,242.87
11978,POS消费,地点283,食堂,2013/12/07 18:46:15,2.5,240.37
11978,POS消费,地点107,淋浴,2013/12/07 23:44:19,1.3,239.07
11978,POS消费,地点526,食堂,2013/12/08 08:36:27,7.1,231.97
11978,POS消费,地点21,开水,2013/12/08 11:29:07,4.6,227.37
11978,POS消费,地点204,食堂,2013/12/08 18:49:40,5.5,221.87
11978,POS消费,地点709,淋浴,2013/12/08 22:08:21,1.4,220.47
11978,POS消费,地点526,食堂,2013/12/09 07:25:05,7.7,212.77
11978,POS消费,地点188,超市,2013/12/09 12:14:41,5.7,207.07
11978,POS消费,地点16,开水,2013/12/09 12:18:04,0.03,207.04
11978,POS消费,地点175,洗衣房,2013/12/09 16:03:40,3.6,203.44
11978,POS消费,地点89,食堂,2013/12/09 17:54:28,4.5,198.94
11978,POS消费,地点709,淋浴,2013/12/09 22:33:50,1.1,197.84
11978,POS消费,地点118,食堂,2013/12/10 07:20:35,7.1,190.74
11978,POS消费,地点192,超市,2013/12/10 10:14:18,2.7,188.04
11978,POS消费,地点16,开水,2013/12/10 12:40:34,0.04,188.0
11978,POS消费,地点996,图书馆,2013/12/10 14:58:17,3.0,185.0
11978,POS消费,地点89,食堂,2013/12/10 17:37:47,4.5,180.5
11978,POS消费,地点192,超市,2013/12/10 22:00:29,6.0,174.5
11978,POS消费,地点709,淋浴,2013/12/10 22:37:10,1.0,173.5
11978,POS消费,地点118,食堂,2013/12/11 07:26:54,7.1,166.4
11978,POS消费,地点118,食堂,2013/12/11 07:26:58,6.5,159.9
11978,POS消费,地点192,超市,2013/12/11 10:57:59,10.4,149.5
11978,POS消费,地点16,开水,2013/12/11 12:42:18,0.04,149.46
11978,POS消费,地点65,食堂,2013/12/11 18:07:06,4.6,144.86
11978,POS消费,地点188,超市,2013/12/11 18:13:25,4.3,140.56
11978,POS消费,地点174,洗衣房,2013/12/11 22:03:33,-0.72,137.68
11978,POS消费,地点174,洗衣房,2013/12/11 22:03:33,3.6,136.96
11978,POS消费,地点107,淋浴,2013/12/11 23:01:40,1.1,136.58
11978,POS消费,地点107,淋浴,2013/12/11 23:12:58,0.1,136.48
11978,POS消费,地点16,开水,2013/12/12 14:28:35,0.04,121.64
11978,POS消费,地点188,超市,2013/12/12 14:28:41,14.8,121.68
11978,POS消费,地点188,超市,2013/12/12 17:15:51,5.2,116.44
11978,POS消费,地点16,开水,2013/12/12 17:17:27,0.04,116.4
11978,POS消费,地点188,超市,2013/12/12 20:44:13,4.3,112.1
11978,POS消费,地点709,淋浴,2013/12/12 22:42:08,1.2,110.9
11978,POS消费,地点272,食堂,2013/12/13 11:58:28,12.0,98.9
11978,POS消费,地点65,食堂,2013/12/13 18:04:26,6.4,92.5
11978,POS消费,地点192,超市,2013/12/13 18:13:31,5.5,87.0
11978,POS消费,地点107,淋浴,2013/12/13 22:37:18,1.2,85.8
11978,POS消费,地点118,食堂,2013/12/14 08:09:42,8.1,77.7
11978,POS消费,地点21,开水,2013/12/14 11:37:58,10.7,67.0
11978,POS消费,地点175,洗衣房,2013/12/14 11:39:32,-0.84,64.21
11978,POS消费,地点175,洗衣房,2013/12/14 11:39:32,3.6,63.4
11978,POS消费,地点16,开水,2013/12/14 11:50:22,0.03,63.37
11978,POS消费,地点89,食堂,2013/12/14 18:11:21,4.5,59.71
11978,POS消费,地点21,开水,2013/12/14 18:29:09,5.9,53.81
11978,POS消费,地点107,淋浴,2013/12/14 21:37:29,1.3,52.51
11978,POS消费,地点21,开水,2013/12/15 19:09:58,3.0,49.51
11978,POS消费,地点107,淋浴,2013/12/15 23:03:57,1.3,48.21
11978,POS消费,地点118,食堂,2013/12/16 08:08:09,7.1,41.11
11978,POS消费,地点157,食堂,2013/12/16 12:23:14,5.6,35.51
11978,POS消费,地点192,超市,2013/12/16 12:29:35,4.3,31.21
11978,POS消费,地点65,食堂,2013/12/16 17:36:50,4.6,26.61
11978,POS消费,地点996,图书馆,2013/12/16 17:56:28,1.5,25.11
11978,POS消费,地点709,淋浴,2013/12/17 00:16:14,1.0,24.11
11978,POS消费,地点16,开水,2013/12/17 07:15:25,0.09,24.02
11978,POS消费,地点118,食堂,2013/12/17 07:38:12,7.1,16.92
11978,卡充值,,,2013/12/17 10:12:37,100.0,116.92
11978,POS消费,地点89,食堂,2013/12/17 12:29:07,4.5,112.42
11978,POS消费,地点188,超市,2013/12/17 12:34:42,3.9,108.52
11978,POS消费,地点65,食堂,2013/12/17 17:49:35,4.6,103.92
11978,POS消费,地点192,超市,2013/12/17 22:00:52,3.9,100.02
11978,POS消费,地点709,淋浴,2013/12/17 22:39:19,0.9,99.12
11978,POS消费,地点118,食堂,2013/12/18 07:41:55,7.1,92.02
11978,POS消费,地点65,食堂,2013/12/18 11:05:11,4.6,87.42
11978,POS消费,地点65,食堂,2013/12/18 18:08:36,4.6,82.82
11978,POS消费,地点188,超市,2013/12/18 18:14:57,10.7,72.12
11978,POS消费,地点709,淋浴,2013/12/18 20:07:14,1.5,70.62
11978,POS消费,地点118,食堂,2013/12/19 07:36:19,7.1,63.52
11978,POS消费,地点89,食堂,2013/12/19 16:57:22,4.5,59.02
11978,POS消费,地点21,开水,2013/12/19 17:05:56,1.2,57.82
11978,POS消费,地点237,食堂,2013/12/19 17:06:27,1.8,56.02
11978,POS消费,地点107,淋浴,2013/12/19 22:14:34,0.9,55.12
11978,POS消费,地点118,食堂,2013/12/20 07:33:49,8.1,47.02
11978,POS消费,地点167,食堂,2013/12/20 08:09:51,3.8,43.22
11978,POS消费,地点188,超市,2013/12/20 12:00:25,17.4,25.82
11978,POS消费,地点65,食堂,2013/12/20 17:17:33,4.6,21.22
11978,POS消费,地点188,超市,2013/12/20 17:25:39,17.4,3.82
11978,POS消费,地点709,淋浴,2013/12/20 21:48:06,0.6,3.22
11978,POS消费,地点709,淋浴,2013/12/21 21:18:49,1.2,2.02
11978,POS消费,地点709,淋浴,2013/12/22 14:12:01,0.8,1.22
11978,POS消费,地点16,开水,2013/12/22 22:47:51,0.13,1.09
11978,卡充值,,,2013/12/23 14:26:01,300.0,301.09
11978,POS消费,地点89,食堂,2013/12/23 18:21:32,4.5,296.59
11978,POS消费,地点89,食堂,2013/12/23 18:21:36,4.5,292.09
11978,POS消费,地点192,超市,2013/12/23 18:36:09,3.9,288.19
11978,POS消费,地点709,淋浴,2013/12/23 21:39:11,0.1,288.09
11978,POS消费,地点107,淋浴,2013/12/23 21:40:03,1.0,287.09
11978,POS消费,地点21,开水,2013/12/24 12:19:01,7.4,279.69
11978,POS消费,地点709,淋浴,2013/12/24 20:39:32,1.3,278.39
11978,POS消费,地点174,洗衣房,2013/12/25 11:03:04,3.6,274.79
11978,POS消费,地点174,洗衣房,2013/12/25 11:03:04,-0.84,275.63
11978,POS消费,地点21,开水,2013/12/25 12:23:08,4.6,271.03
11978,POS消费,地点91,校车,2013/12/25 17:52:48,5.6,265.43
11978,POS消费,地点709,淋浴,2013/12/25 22:04:01,1.0,264.43
11978,POS消费,地点21,开水,2013/12/26 12:00:54,4.6,259.83
11978,POS消费,地点192,超市,2013/12/26 15:27:32,3.9,255.93
11978,POS消费,地点213,食堂,2013/12/26 15:39:19,9.75,246.18
11978,POS消费,地点21,开水,2013/12/26 17:39:46,4.6,241.58
11978,POS消费,地点21,开水,2013/12/26 21:16:12,2.7,238.88
11978,POS消费,地点107,淋浴,2013/12/26 22:28:52,1.4,237.48
11978,POS消费,地点188,超市,2013/12/27 13:03:32,3.9,233.58
11978,POS消费,地点21,开水,2013/12/27 21:39:02,6.3,227.28
11978,POS消费,地点16,开水,2013/12/27 21:39:28,0.04,227.24
11978,POS消费,地点709,淋浴,2013/12/27 22:21:41,1.1,226.14
11978,POS消费,地点21,开水,2013/12/28 12:16:51,4.6,221.54
11978,POS消费,地点188,超市,2013/12/28 12:20:55,3.9,217.64
11978,POS消费,地点709,淋浴,2013/12/28 20:26:23,1.2,216.44
11978,POS消费,地点709,淋浴,2013/12/28 20:37:56,0.1,216.34
11978,POS消费,地点175,洗衣房,2013/12/29 14:09:00,-1.08,203.42
11978,POS消费,地点175,洗衣房,2013/12/29 14:09:00,3.6,212.74
11978,POS消费,地点21,开水,2013/12/29 14:25:17,10.4,202.34
11978,POS消费,地点107,淋浴,2013/12/29 22:16:26,0.9,202.52
11978,POS消费,地点21,开水,2013/12/30 07:39:45,3.6,198.92
11978,POS消费,地点114,食堂,2013/12/30 07:56:34,2.0,196.92
11978,POS消费,地点168,食堂,2013/12/30 12:37:10,5.0,191.92
11978,POS消费,地点168,食堂,2013/12/30 12:37:14,0.5,191.42
11978,POS消费,地点283,食堂,2013/12/30 12:39:30,2.5,188.92
11978,POS消费,地点21,开水,2013/12/30 18:11:58,4.6,184.32
11978,POS消费,地点709,淋浴,2013/12/30 22:44:58,0.7,183.62
11978,POS消费,地点21,开水,2013/12/31 07:49:57,4.6,179.02
11978,POS消费,地点16,开水,2013/12/31 12:59:02,0.04,178.98
11978,POS消费,地点26,图书馆,2013/12/31 19:48:22,30.0,148.98
11978,POS消费,地点107,淋浴,2013/12/31 20:00:52,1.2,147.78
11978,POS消费,地点175,洗衣房,2014/01/01 14:05:57,3.6,144.18
11978,POS消费,地点175,洗衣房,2014/01/01 14:05:57,-0.66,135.54
11978,POS消费,地点21,开水,2014/01/01 14:36:55,9.3,134.88
11978,POS消费,地点709,淋浴,2014/01/01 23:03:16,1.0,134.54
11978,POS消费,地点167,食堂,2014/01/02 07:58:23,5.2,129.34
11978,POS消费,地点21,开水,2014/01/02 11:54:39,4.6,124.74
11978,POS消费,地点21,开水,2014/01/02 11:54:49,4.6,120.14
11978,POS消费,地点192,超市,2014/01/02 18:15:37,6.6,113.54
11978,POS消费,地点107,淋浴,2014/01/02 22:19:06,1.7,111.84
11978,POS消费,地点21,开水,2014/01/03 07:56:37,4.2,107.64
11978,POS消费,地点188,超市,2014/01/03 14:29:00,7.9,99.74
11978,POS消费,地点175,洗衣房,2014/01/03 15:30:39,-1.08,97.22
11978,POS消费,地点175,洗衣房,2014/01/03 15:30:39,3.6,96.14
11978,POS消费,地点192,超市,2014/01/03 21:03:15,12.1,85.12
11978,POS消费,地点709,淋浴,2014/01/03 22:49:41,1.2,83.92
11978,POS消费,地点188,超市,2014/01/04 14:03:01,2.7,81.22
11978,POS消费,地点107,淋浴,2014/01/04 23:09:25,1.0,80.22
11978,POS消费,地点192,超市,2014/01/05 12:29:04,14.3,65.92
11978,POS消费,地点16,开水,2014/01/05 12:29:54,0.04,65.88
11978,POS消费,地点107,淋浴,2014/01/05 20:57:23,1.1,64.78
11978,POS消费,地点91,校车,2014/01/06 08:38:35,2.8,61.98
11978,POS消费,地点192,超市,2014/01/06 11:47:41,6.4,55.58
11978,POS消费,地点16,开水,2014/01/06 11:56:09,0.03,55.55
11978,POS消费,地点107,淋浴,2014/01/06 23:13:50,1.4,54.15
11978,POS消费,地点175,洗衣房,2014/01/07 14:47:40,-1.02,51.57
11978,POS消费,地点175,洗衣房,2014/01/07 14:47:40,3.6,50.55
11978,POS消费,地点107,淋浴,2014/01/07 20:58:06,1.7,49.87
11978,POS消费,地点188,超市,2014/01/08 10:17:53,15.2,34.67
11978,POS消费,地点21,开水,2014/01/08 12:07:11,4.6,30.07
11978,POS消费,地点192,超市,2014/01/08 16:38:37,5.7,24.37
11978,POS消费,地点107,淋浴,2014/01/08 19:40:21,1.5,22.87
11978,POS消费,地点107,淋浴,2014/01/09 21:08:48,1.5,21.37
11978,POS消费,地点230,食堂,2014/01/10 12:25:52,4.5,16.87
11978,POS消费,地点21,开水,2014/01/10 12:47:36,10.2,6.67
11978,POS消费,地点16,开水,2014/01/10 12:48:21,0.04,6.63
11978,POS消费,地点107,淋浴,2014/01/10 22:05:26,1.3,5.33
11978,卡充值,,,2014/01/11 13:53:48,100.0,105.33
11978,POS消费,地点192,超市,2014/01/11 21:24:03,20.7,84.63
11978,POS消费,地点107,淋浴,2014/01/11 22:12:23,1.2,83.43
11978,POS消费,地点21,开水,2014/01/12 18:31:00,9.1,74.33
11978,POS消费,地点107,淋浴,2014/01/12 21:18:16,0.9,73.43
11978,POS消费,地点21,开水,2014/01/13 08:40:56,2.8,70.63
11978,POS消费,地点188,超市,2014/01/13 14:45:38,9.0,61.63
11978,POS消费,地点213,食堂,2014/01/13 14:56:25,1.5,60.13
11978,POS消费,地点107,淋浴,2014/01/13 21:44:10,1.4,58.73
11978,POS消费,地点59,食堂,2014/01/14 08:43:01,2.9,55.83
11978,POS消费,地点188,超市,2014/01/14 10:42:49,30.0,25.83
11978,POS消费,地点188,超市,2014/01/14 10:42:53,4.5,21.33
11978,POS消费,地点174,洗衣房,2014/01/14 12:33:22,3.6,15.03
11978,POS消费,地点174,洗衣房,2014/01/14 12:33:22,-0.78,15.81
11978,POS消费,地点188,超市,2014/01/14 12:34:27,2.7,18.63
11978,POS消费,地点107,淋浴,2014/01/14 14:19:02,0.7,15.11
11978,POS消费,地点107,淋浴,2014/01/15 12:19:20,1.1,14.01
11978,POS消费,地点107,淋浴,2014/01/15 21:12:25,0.1,12.71
11978,POS消费,地点107,淋浴,2014/01/15 22:09:50,1.2,12.81
11978,POS消费,地点107,淋浴,2014/01/16 08:35:32,1.0,11.71
11978,POS消费,地点107,淋浴,2014/01/16 21:01:38,1.3,10.41
11978,POS消费,地点107,淋浴,2014/01/17 10:51:20,1.1,9.31
11978,POS消费,地点107,淋浴,2014/01/17 11:02:11,0.1,9.21
11978,POS消费,地点174,洗衣房,2014/01/17 11:16:24,-1.02,6.63
11978,POS消费,地点174,洗衣房,2014/01/17 11:16:24,3.6,5.61
11978,POS消费,地点107,淋浴,2014/01/17 21:13:13,1.1,5.53
11978,POS消费,地点107,淋浴,2014/01/18 11:08:53,1.6,3.93
11978,POS消费,地点107,淋浴,2014/01/18 20:33:29,0.8,3.13
11978,POS消费,地点107,淋浴,2014/01/19 06:30:27,0.9,2.23
11978,卡充值,,,2014/02/20 15:48:34,500.0,502.23
11978,POS消费,地点21,开水,2014/02/20 18:17:33,4.6,497.63
11978,POS消费,地点21,开水,2014/02/20 18:23:52,20.5,477.13
11978,POS消费,地点107,淋浴,2014/02/20 21:56:38,0.8,476.33
11978,POS消费,地点107,淋浴,2014/02/20 22:05:08,0.2,476.13
11978,POS消费,地点107,淋浴,2014/02/21 22:19:08,1.1,475.03
11978,POS消费,地点188,超市,2014/02/22 13:59:24,9.3,465.73
11978,POS消费,地点21,开水,2014/02/22 20:28:41,8.9,456.83
11978,POS消费,地点175,洗衣房,2014/02/22 20:29:18,3.6,453.23
11978,POS消费,地点709,淋浴,2014/02/22 22:36:52,0.6,452.63
11978,POS消费,地点709,淋浴,2014/02/22 23:02:23,0.6,452.03
11978,POS消费,地点195,超市,2014/02/23 10:30:54,4.5,447.53
11978,POS消费,地点16,开水,2014/02/23 11:08:33,0.11,447.42
11978,POS消费,地点16,开水,2014/02/23 11:12:59,0.02,447.4
11978,POS消费,地点175,洗衣房,2014/02/23 21:51:20,-1.02,443.92
11978,POS消费,地点175,洗衣房,2014/02/23 21:51:20,3.6,443.8
11978,POS消费,地点107,淋浴,2014/02/23 21:55:34,0.9,442.9
11978,POS消费,地点21,开水,2014/02/24 07:13:16,2.6,441.32
11978,POS消费,地点21,开水,2014/02/24 12:16:45,10.0,431.32
11978,POS消费,地点21,开水,2014/02/24 18:14:46,4.6,426.72
11978,POS消费,地点107,淋浴,2014/02/24 22:09:48,1.2,425.52
11978,POS消费,地点118,食堂,2014/02/25 07:22:00,6.1,419.42
11978,POS消费,地点65,食堂,2014/02/25 12:12:01,6.4,413.02
11978,POS消费,地点60,食堂,2014/02/25 18:11:12,4.6,408.42
11978,POS消费,地点60,食堂,2014/02/25 18:11:29,5.1,403.32
11978,POS消费,地点709,淋浴,2014/02/25 23:12:07,1.2,402.12
11978,POS消费,地点241,食堂,2014/02/26 08:03:47,3.6,398.52
11978,POS消费,地点114,食堂,2014/02/26 08:15:37,2.0,396.52
11978,POS消费,地点21,开水,2014/02/26 18:09:56,4.6,391.92
11978,POS消费,地点188,超市,2014/02/26 18:16:37,3.5,388.42
11978,POS消费,地点107,淋浴,2014/02/26 22:00:38,1.2,387.22
11978,POS消费,地点188,超市,2014/02/27 10:13:01,6.0,381.22
11978,POS消费,地点21,开水,2014/02/27 11:58:32,11.9,369.32
11978,POS消费,地点204,食堂,2014/02/27 19:03:54,5.5,363.82
11978,POS消费,地点709,淋浴,2014/02/27 21:52:04,0.9,362.92
11978,POS消费,地点21,开水,2014/02/28 07:19:12,3.6,359.32
11978,换卡,,,2014/02/28 09:24:14,0.0,0.0
11978,POS消费,地点61,食堂,2014/02/28 12:13:35,3.6,355.72
11978,POS消费,地点21,开水,2014/02/28 17:51:20,4.6,351.12
11978,POS消费,地点21,开水,2014/02/28 18:13:38,3.5,347.62
11978,POS消费,地点107,淋浴,2014/03/01 01:18:15,1.0,346.62
11978,POS消费,地点72,食堂,2014/03/01 12:13:38,4.6,342.02
11978,POS消费,地点21,开水,2014/03/01 17:53:24,6.0,336.02
11978,POS消费,地点107,淋浴,2014/03/01 20:54:16,1.2,334.82
11978,POS消费,地点107,淋浴,2014/03/02 22:26:53,1.1,333.72
11978,POS消费,地点21,开水,2014/03/03 18:07:56,4.6,329.12
11978,POS消费,地点188,超市,2014/03/03 18:12:52,3.5,325.62
11978,POS消费,地点174,洗衣房,2014/03/03 20:00:54,-1.08,323.1
11978,POS消费,地点174,洗衣房,2014/03/03 20:00:54,3.6,322.02
11978,POS消费,地点107,淋浴,2014/03/03 22:35:54,1.0,322.1
11978,POS消费,地点268,食堂,2014/03/04 08:03:36,3.6,318.5
11978,POS消费,地点72,食堂,2014/03/04 11:36:05,4.6,313.9
11978,POS消费,地点72,食堂,2014/03/04 18:14:27,4.6,309.3
11978,POS消费,地点192,超市,2014/03/04 18:19:50,12.0,297.3
11978,POS消费,地点709,淋浴,2014/03/04 22:43:33,0.8,296.5
11978,POS消费,地点241,食堂,2014/03/05 08:04:05,3.4,293.1
11978,POS消费,地点21,开水,2014/03/05 11:49:19,4.6,288.5
11978,POS消费,地点21,开水,2014/03/05 18:15:08,4.6,283.9
11978,POS消费,地点21,开水,2014/03/05 18:21:22,8.7,275.2
11978,POS消费,地点107,淋浴,2014/03/05 21:50:30,1.2,274.0
11978,POS消费,地点244,食堂,2014/03/06 08:05:50,3.4,270.6
11978,POS消费,地点21,开水,2014/03/06 11:38:40,1.0,269.6
11978,POS消费,地点267,食堂,2014/03/06 11:39:36,5.0,264.6
11978,POS消费,地点6,淋浴,2014/03/06 11:40:06,6.0,258.6
11978,POS消费,地点21,开水,2014/03/06 14:02:48,8.2,250.4
11978,POS消费,地点21,开水,2014/03/06 18:06:21,4.6,245.8
11978,POS消费,地点21,开水,2014/03/06 18:13:29,6.0,239.8
11978,POS消费,地点709,淋浴,2014/03/06 22:25:52,1.1,238.7
11978,POS消费,地点268,食堂,2014/03/07 08:04:19,3.4,235.3
11978,POS消费,地点60,食堂,2014/03/07 12:17:55,4.6,230.7
11978,POS消费,地点21,开水,2014/03/07 12:22:15,20.2,210.5
11978,POS消费,地点21,开水,2014/03/07 15:22:05,6.0,204.5
11978,POS消费,地点107,淋浴,2014/03/07 22:48:22,1.2,203.3
11978,POS消费,地点21,开水,2014/03/08 18:57:39,6.7,196.6
11978,POS消费,地点107,淋浴,2014/03/09 00:04:31,1.2,195.4
11978,POS消费,地点709,淋浴,2014/03/09 12:22:14,1.0,194.4
11978,POS消费,地点107,淋浴,2014/03/09 22:32:03,1.2,193.2
11978,POS消费,地点21,开水,2014/03/10 12:47:17,2.7,190.5
11978,POS消费,地点21,开水,2014/03/10 18:39:22,2.7,187.8
11978,POS消费,地点107,淋浴,2014/03/10 22:36:10,1.1,186.7
11978,POS消费,地点21,开水,2014/03/11 07:16:04,4.6,182.1
11978,POS消费,地点1466,食堂,2014/03/11 11:06:35,4.6,177.5
11978,POS消费,地点526,食堂,2014/03/11 15:38:26,6.6,170.9
11978,POS消费,地点21,开水,2014/03/11 18:14:58,4.6,166.3
11978,POS消费,地点192,超市,2014/03/11 18:20:48,5.4,160.9
11978,POS消费,地点192,超市,2014/03/11 19:05:49,1.2,159.7
11978,POS消费,地点709,淋浴,2014/03/11 22:33:52,0.9,158.8
11978,POS消费,地点167,食堂,2014/03/12 08:05:47,3.6,155.2
11978,POS消费,地点161,食堂,2014/03/12 18:03:10,5.6,149.6
11978,POS消费,地点21,开水,2014/03/12 21:13:16,9.3,140.3
11978,POS消费,地点107,淋浴,2014/03/12 22:37:59,1.1,139.2
11978,POS消费,地点21,开水,2014/03/13 07:59:10,3.4,135.8
11978,POS消费,地点161,食堂,2014/03/13 12:06:14,5.6,130.2
11978,POS消费,地点188,超市,2014/03/13 12:23:39,10.5,119.7
11978,POS消费,地点107,淋浴,2014/03/13 12:51:01,1.1,118.6
11978,POS消费,地点175,洗衣房,2014/03/13 13:10:08,3.6,115.0
11978,POS消费,地点175,洗衣房,2014/03/13 13:10:08,-0.78,115.78
11978,POS消费,地点21,开水,2014/03/13 18:24:22,4.6,111.18
11978,POS消费,地点188,超市,2014/03/13 18:34:17,19.5,91.68
11978,POS消费,地点107,淋浴,2014/03/13 21:32:34,1.0,90.68
11978,POS消费,地点21,开水,2014/03/14 07:24:08,3.6,87.08
11978,POS消费,地点21,开水,2014/03/14 11:59:09,6.0,81.08
11978,POS消费,地点240,食堂,2014/03/14 17:51:13,5.1,75.98
11978,POS消费,地点21,开水,2014/03/14 18:12:20,8.7,67.28
11978,POS消费,地点709,淋浴,2014/03/15 00:47:14,0.8,66.48
11978,POS消费,地点107,淋浴,2014/03/15 10:22:25,1.2,65.28
11978,POS消费,地点188,超市,2014/03/15 17:47:08,10.0,55.28
11978,POS消费,地点709,淋浴,2014/03/15 21:51:12,0.8,54.48
11978,POS消费,地点107,淋浴,2014/03/16 11:55:10,1.0,53.48
11978,POS消费,地点174,洗衣房,2014/03/16 12:28:43,3.6,49.88
11978,POS消费,地点21,开水,2014/03/16 18:05:25,4.6,45.28
11978,POS消费,地点188,超市,2014/03/16 18:06:46,16.5,28.78
11978,POS消费,地点107,淋浴,2014/03/16 22:45:24,0.8,27.98
11978,POS消费,地点21,开水,2014/03/17 07:31:54,4.6,23.38
11978,POS消费,地点192,超市,2014/03/17 12:51:05,5.2,18.18
11978,卡充值,,,2014/03/17 16:33:45,500.0,518.18
11978,POS消费,地点174,洗衣房,2014/03/17 16:34:21,-0.06,514.64
11978,POS消费,地点174,洗衣房,2014/03/17 16:34:21,3.6,514.58
11978,POS消费,地点21,开水,2014/03/17 18:34:07,4.6,510.04
11978,POS消费,地点709,淋浴,2014/03/17 23:18:43,0.9,509.14
11978,POS消费,地点268,食堂,2014/03/18 08:02:12,3.6,505.54
11978,POS消费,地点21,开水,2014/03/18 11:20:43,4.6,500.94
11978,POS消费,地点21,开水,2014/03/18 11:35:28,2.7,498.24
11978,POS消费,地点21,开水,2014/03/18 18:13:22,4.6,493.64
11978,POS消费,地点107,淋浴,2014/03/18 22:06:29,1.1,492.54
11978,POS消费,地点167,食堂,2014/03/19 08:05:02,4.6,487.94
11978,POS消费,地点174,洗衣房,2014/03/19 11:12:22,3.6,484.34
11978,POS消费,地点174,洗衣房,2014/03/19 11:12:22,-0.96,485.3
11978,POS消费,地点21,开水,2014/03/19 18:15:20,4.6,480.7
11978,POS消费,地点188,超市,2014/03/19 18:19:27,8.5,472.2
11978,POS消费,地点192,超市,2014/03/19 21:15:48,3.0,469.2
11978,POS消费,地点107,淋浴,2014/03/19 22:08:27,0.9,468.3
11978,POS消费,地点268,食堂,2014/03/20 08:05:07,5.9,462.4
11978,POS消费,地点192,超市,2014/03/20 16:09:09,7.8,454.6
11978,POS消费,地点107,淋浴,2014/03/20 21:25:22,1.2,453.4
11978,POS消费,地点21,开水,2014/03/21 10:07:33,6.0,447.4
11978,POS消费,地点107,淋浴,2014/03/21 14:56:34,1.4,446.0
11978,POS消费,地点107,淋浴,2014/03/22 11:16:51,1.3,444.7
11978,POS消费,地点175,洗衣房,2014/03/22 11:51:45,3.6,441.1
11978,POS消费,地点21,开水,2014/03/22 19:05:32,23.5,417.6
11978,POS消费,地点107,淋浴,2014/03/22 23:14:17,1.1,416.5
11978,POS消费,地点709,淋浴,2014/03/23 12:08:17,1.0,415.5
11978,POS消费,地点188,超市,2014/03/23 13:25:14,13.2,402.3
11978,POS消费,地点188,超市,2014/03/23 18:45:16,4.1,398.2
11978,POS消费,地点107,淋浴,2014/03/23 23:16:08,1.2,397.0
11978,POS消费,地点21,开水,2014/03/24 07:46:15,3.6,393.4
11978,POS消费,地点188,超市,2014/03/24 12:03:48,3.5,389.9
11978,POS消费,地点21,开水,2014/03/24 16:12:04,11.5,378.4
11978,POS消费,地点21,开水,2014/03/24 18:05:26,5.1,373.3
11978,POS消费,地点107,淋浴,2014/03/24 22:58:36,0.8,372.5
11978,POS消费,地点167,食堂,2014/03/25 08:03:29,3.8,368.7
11978,POS消费,地点240,食堂,2014/03/25 11:04:29,5.1,363.6
11978,POS消费,地点188,超市,2014/03/25 11:34:55,10.7,352.9
11978,POS消费,地点21,开水,2014/03/25 18:16:57,4.6,348.3
11978,POS消费,地点107,淋浴,2014/03/25 22:05:09,1.3,347.0
11978,POS消费,地点268,食堂,2014/03/26 08:02:54,4.6,342.4
11978,POS消费,地点21,开水,2014/03/26 11:53:35,8.4,334.0
11978,POS消费,地点192,超市,2014/03/26 12:19:13,9.3,324.7
11978,POS消费,地点21,开水,2014/03/26 18:15:46,4.6,320.1
11978,POS消费,地点192,超市,2014/03/26 18:19:58,9.3,310.8
11978,POS消费,地点107,淋浴,2014/03/26 21:48:00,1.1,309.7
11978,POS消费,地点167,食堂,2014/03/27 08:03:09,4.6,305.1
11978,POS消费,地点21,开水,2014/03/27 12:09:09,4.6,300.5
11978,POS消费,地点21,开水,2014/03/27 12:29:00,5.4,295.1
11978,POS消费,地点107,淋浴,2014/03/27 13:00:19,1.0,294.1
11978,POS消费,地点175,洗衣房,2014/03/27 13:22:06,3.6,290.5
11978,POS消费,地点21,开水,2014/03/27 17:54:52,4.6,285.9
11978,POS消费,地点709,淋浴,2014/03/27 22:04:13,0.7,285.2
11978,POS消费,地点167,食堂,2014/03/28 08:04:24,4.6,280.6
11978,POS消费,地点188,超市,2014/03/28 12:00:41,8.7,271.9
11978,POS消费,地点272,食堂,2014/03/28 17:52:46,12.0,259.9
11978,POS消费,地点192,超市,2014/03/28 18:13:21,6.3,253.6
11978,POS消费,地点188,超市,2014/03/28 18:23:57,8.7,244.9
11978,POS消费,地点107,淋浴,2014/03/28 22:17:12,1.0,243.9
11978,POS消费,地点107,淋浴,2014/03/29 10:58:03,1.4,242.5
11978,POS消费,地点21,开水,2014/03/29 12:03:56,4.6,237.9
11978,POS消费,地点21,开水,2014/03/29 12:04:17,5.1,232.8
11978,POS消费,地点21,开水,2014/03/29 17:54:26,5.1,227.7
11978,POS消费,地点188,超市,2014/03/29 18:00:27,2.7,225.0
11978,POS消费,地点709,淋浴,2014/03/29 22:04:38,1.3,223.7
11978,POS消费,地点107,淋浴,2014/03/30 10:21:22,1.3,222.4
11978,POS消费,地点21,开水,2014/03/30 11:54:16,4.6,217.8
11978,POS消费,地点175,洗衣房,2014/03/30 16:49:20,3.6,214.2
11978,POS消费,地点175,洗衣房,2014/03/30 16:49:20,-0.9,215.1
11978,POS消费,地点21,开水,2014/03/30 18:03:38,4.6,210.5
11978,POS消费,地点107,淋浴,2014/03/30 21:52:34,0.9,209.6
11978,POS消费,地点268,食堂,2014/03/31 08:09:21,2.6,207.0
11978,POS消费,地点268,食堂,2014/03/31 08:09:32,3.4,203.6
11978,POS消费,地点188,超市,2014/03/31 12:06:11,6.0,197.6
11978,POS消费,地点192,超市,2014/03/31 16:15:55,2.7,194.9
11978,POS消费,地点21,开水,2014/03/31 18:08:39,4.6,190.3
11978,POS消费,地点72,食堂,2014/03/31 18:10:26,4.6,185.7
11978,POS消费,地点192,超市,2014/03/31 18:13:37,3.5,182.2
11978,POS消费,地点21,开水,2014/03/31 21:14:42,5.2,177.0
11978,POS消费,地点709,淋浴,2014/03/31 22:20:45,1.0,176.0
11978,POS消费,地点167,食堂,2014/04/01 08:04:49,4.6,171.4
11978,POS消费,地点188,超市,2014/04/01 18:00:51,6.2,165.2
11978,POS消费,地点710,淋浴,2014/04/01 22:20:22,0.9,164.3
11978,POS消费,地点167,食堂,2014/04/02 08:03:58,4.6,159.7
11978,POS消费,地点154,食堂,2014/04/02 18:01:41,4.6,155.1
11978,POS消费,地点107,淋浴,2014/04/02 22:09:52,1.2,153.9
11978,POS消费,地点21,开水,2014/04/03 08:01:52,4.6,149.3
11978,POS消费,地点232,食堂,2014/04/03 11:57:27,6.1,143.2
11978,POS消费,地点175,洗衣房,2014/04/03 12:13:29,-0.9,134.3
11978,POS消费,地点175,洗衣房,2014/04/03 12:13:29,3.6,133.4
11978,POS消费,地点188,超市,2014/04/03 12:17:49,6.2,137.0
11978,POS消费,地点107,淋浴,2014/04/03 13:37:56,1.0,133.3
11978,POS消费,地点175,洗衣房,2014/04/03 14:01:50,3.6,129.7
11978,POS消费,地点175,洗衣房,2014/04/03 14:01:50,-0.84,130.54
11978,POS消费,地点21,开水,2014/04/03 18:18:20,4.6,125.94
11978,POS消费,地点107,淋浴,2014/04/03 22:08:53,0.7,125.24
11978,POS消费,地点188,超市,2014/04/04 12:02:12,6.2,119.04
11978,POS消费,地点188,超市,2014/04/04 19:22:41,2.7,116.34
11978,POS消费,地点107,淋浴,2014/04/04 20:54:25,1.2,115.14
11978,POS消费,地点107,淋浴,2014/04/05 12:14:56,1.2,113.94
11978,POS消费,地点21,开水,2014/04/05 13:14:50,11.1,102.84
11978,POS消费,地点188,超市,2014/04/05 19:12:44,5.0,97.84
11978,POS消费,地点709,淋浴,2014/04/05 22:57:23,1.2,96.64
11978,POS消费,地点107,淋浴,2014/04/06 11:13:03,1.7,94.94
11978,POS消费,地点21,开水,2014/04/06 12:47:43,5.8,89.14
11978,POS消费,地点107,淋浴,2014/04/06 22:07:07,1.1,88.04
11978,POS消费,地点107,淋浴,2014/04/07 11:57:13,1.2,86.84
11978,POS消费,地点21,开水,2014/04/07 13:25:08,8.5,78.34
11978,POS消费,地点188,超市,2014/04/07 19:16:16,3.0,75.34
11978,POS消费,地点709,淋浴,2014/04/07 22:39:17,1.0,74.34
11978,POS消费,地点21,开水,2014/04/08 08:01:58,4.8,69.54
11978,POS消费,地点188,超市,2014/04/08 12:02:45,5.8,63.74
11978,POS消费,地点72,食堂,2014/04/08 18:17:48,4.6,59.14
11978,POS消费,地点107,淋浴,2014/04/08 22:14:00,1.1,58.04
11978,POS消费,地点167,食堂,2014/04/09 08:04:07,4.6,53.44
11978,卡充值,,,2014/04/09 10:09:04,300.0,353.44
11978,POS消费,地点21,开水,2014/04/09 11:59:57,4.6,348.84
11978,POS消费,地点21,开水,2014/04/09 12:10:20,3.0,345.84
11978,POS消费,地点21,开水,2014/04/09 18:05:16,3.1,342.74
11978,POS消费,地点188,超市,2014/04/09 19:04:31,7.2,335.54
11978,POS消费,地点709,淋浴,2014/04/09 22:02:02,0.8,334.74
11978,POS消费,地点241,食堂,2014/04/10 08:03:02,4.6,330.14
11978,POS消费,地点158,食堂,2014/04/10 12:03:30,5.6,324.54
11978,POS消费,地点217,食堂,2014/04/10 12:07:00,3.0,321.54
11978,POS消费,地点709,淋浴,2014/04/10 12:52:24,1.3,320.24
11978,POS消费,地点709,淋浴,2014/04/10 13:04:43,0.1,320.14
11978,POS消费,地点175,洗衣房,2014/04/10 13:40:33,3.6,316.54
11978,POS消费,地点72,食堂,2014/04/10 18:09:13,4.6,311.94
11978,POS消费,地点21,开水,2014/04/10 18:13:42,8.8,303.14
11978,POS消费,地点175,洗衣房,2014/04/10 19:08:08,3.6,299.54
11978,POS消费,地点175,洗衣房,2014/04/10 19:08:08,-0.96,300.5
11978,POS消费,地点107,淋浴,2014/04/10 22:07:32,0.9,299.6
11978,POS消费,地点21,开水,2014/04/11 08:02:34,4.6,295.0
11978,POS消费,地点272,食堂,2014/04/11 17:52:03,12.0,283.0
11978,POS消费,地点192,超市,2014/04/11 18:12:00,5.0,278.0
11978,POS消费,地点188,超市,2014/04/11 21:05:39,8.3,269.7
11978,POS消费,地点107,淋浴,2014/04/11 23:54:04,1.2,268.5
11978,POS消费,地点107,淋浴,2014/04/12 11:28:30,1.2,267.3
11978,POS消费,地点21,开水,2014/04/12 13:47:35,30.0,237.3
11978,POS消费,地点21,开水,2014/04/12 13:47:39,4.9,232.4
11978,POS消费,地点709,淋浴,2014/04/12 22:43:38,0.9,231.5
11978,POS消费,地点107,淋浴,2014/04/13 11:29:18,1.2,230.3
11978,POS消费,地点188,超市,2014/04/13 12:47:46,30.0,200.3
11978,POS消费,地点188,超市,2014/04/13 12:47:50,10.7,189.6
11978,POS消费,地点107,淋浴,2014/04/13 23:47:33,0.6,189.0
11978,POS消费,地点21,开水,2014/04/14 08:10:58,4.8,184.2
11978,POS消费,地点188,超市,2014/04/14 14:17:44,5.2,179.0
11978,POS消费,地点174,洗衣房,2014/04/14 16:07:15,3.6,175.4
11978,POS消费,地点174,洗衣房,2014/04/14 16:07:15,-3.54,178.94
11978,POS消费,地点153,洗衣房,2014/04/14 16:08:53,-0.78,176.06
11978,POS消费,地点153,洗衣房,2014/04/14 16:08:53,3.6,175.34
11978,POS消费,地点174,洗衣房,2014/04/14 16:12:58,3.6,171.74
11978,POS消费,地点174,洗衣房,2014/04/14 16:12:58,-3.54,175.28
11978,POS消费,地点188,超市,2014/04/14 18:33:38,6.0,170.06
11978,POS消费,地点107,淋浴,2014/04/14 22:14:11,1.0,169.06
11978,POS消费,地点268,食堂,2014/04/15 08:03:04,4.8,164.26
11978,POS消费,地点21,开水,2014/04/15 11:59:02,10.5,153.76
11978,POS消费,地点21,开水,2014/04/15 18:13:00,4.6,149.16
11978,POS消费,地点192,超市,2014/04/15 18:18:21,9.5,139.66
11978,POS消费,地点709,淋浴,2014/04/15 22:09:30,0.9,138.76
11978,POS消费,地点268,食堂,2014/04/16 08:04:01,4.0,134.76
11978,POS消费,地点188,超市,2014/04/16 12:50:31,10.5,124.26
11978,POS消费,地点72,食堂,2014/04/16 18:11:01,4.6,119.66
11978,POS消费,地点21,开水,2014/04/16 18:14:09,3.5,116.16
11978,POS消费,地点709,淋浴,2014/04/16 22:14:05,0.9,115.26
11978,POS消费,地点21,开水,2014/04/17 08:05:22,4.6,110.66
11978,POS消费,地点21,开水,2014/04/17 11:18:02,5.1,105.56
11978,POS消费,地点107,淋浴,2014/04/17 12:36:06,1.1,104.46
11978,POS消费,地点1442,校车,2014/04/17 16:11:44,1.0,103.46
11978,POS消费,地点192,超市,2014/04/17 19:34:55,30.0,73.46
11978,POS消费,地点192,超市,2014/04/17 19:34:58,2.8,70.66
11978,POS消费,地点107,淋浴,2014/04/17 20:29:54,1.1,69.56
11978,POS消费,地点167,食堂,2014/04/18 08:01:11,3.2,66.36
11978,POS消费,地点118,食堂,2014/04/18 14:13:11,6.0,60.36
11978,POS消费,地点107,淋浴,2014/04/18 22:53:24,0.9,59.46
11978,POS消费,地点709,淋浴,2014/04/19 12:27:47,1.1,58.36
11978,POS消费,地点192,超市,2014/04/19 22:22:40,5.0,53.36
11978,POS消费,地点107,淋浴,2014/04/19 23:31:00,0.9,52.46
11978,POS消费,地点107,淋浴,2014/04/20 11:18:03,0.9,51.56
11978,POS消费,地点175,洗衣房,2014/04/20 11:32:59,3.6,47.96
11978,卡充值,,,2014/04/20 13:54:56,400.0,447.96
11978,POS消费,地点188,超市,2014/04/20 14:00:02,28.3,419.66
11978,POS消费,地点192,超市,2014/04/20 21:26:27,9.9,409.76
11978,POS消费,地点107,淋浴,2014/04/20 22:25:38,1.2,408.56
11978,POS消费,地点241,食堂,2014/04/21 08:04:00,4.6,403.96
11978,POS消费,地点21,开水,2014/04/21 14:14:24,3.5,400.46
11978,POS消费,地点188,超市,2014/04/21 22:00:08,8.9,391.56
11978,POS消费,地点107,淋浴,2014/04/21 22:07:47,1.0,390.56
11978,POS消费,地点266,食堂,2014/04/22 08:18:57,4.3,386.26
11978,POS消费,地点21,开水,2014/04/22 11:59:40,3.5,382.76
11978,POS消费,地点272,食堂,2014/04/22 17:13:13,12.0,370.76
11978,POS消费,地点257,食堂,2014/04/22 17:23:56,2.5,368.26
11978,POS消费,地点107,淋浴,2014/04/22 22:07:19,1.0,367.26
11978,POS消费,地点268,食堂,2014/04/23 08:01:55,5.3,361.96
11978,POS消费,地点268,食堂,2014/04/23 08:02:03,1.0,360.96
11978,POS消费,地点272,食堂,2014/04/23 18:01:48,15.0,345.96
11978,POS消费,地点268,食堂,2014/04/24 08:11:17,4.7,341.26
11978,POS消费,地点217,食堂,2014/04/24 10:59:36,2.9,338.36
11978,POS消费,地点252,食堂,2014/04/24 11:01:54,5.4,332.96
11978,POS消费,地点161,食堂,2014/04/24 11:02:08,5.0,327.96
11978,POS消费,地点21,开水,2014/04/24 11:22:35,22.8,305.16
11978,POS消费,地点107,淋浴,2014/04/24 17:57:11,0.6,304.56
11978,POS消费,地点21,开水,2014/04/25 07:45:49,5.3,299.26
11978,POS消费,地点21,开水,2014/04/25 12:02:19,6.0,293.26
11978,POS消费,地点175,洗衣房,2014/04/25 12:13:35,3.6,289.66
11978,POS消费,地点175,洗衣房,2014/04/25 14:05:22,-0.78,290.44
11978,POS消费,地点272,食堂,2014/04/25 17:59:45,12.0,278.44
11978,POS消费,地点114,食堂,2014/04/25 18:14:50,2.0,276.44
11978,POS消费,地点188,超市,2014/04/25 22:05:44,9.9,266.54
11978,POS消费,地点709,淋浴,2014/04/25 23:15:09,1.0,265.54
11978,POS消费,地点272,食堂,2014/04/26 17:15:48,12.0,253.54
11978,POS消费,地点258,食堂,2014/04/26 17:16:40,3.2,250.34
11978,POS消费,地点21,开水,2014/04/26 21:04:15,22.8,227.54
11978,POS消费,地点107,淋浴,2014/04/26 22:17:37,1.2,226.34
11978,POS消费,地点272,食堂,2014/04/27 11:27:48,12.0,214.34
11978,POS消费,地点192,超市,2014/04/27 16:38:12,16.0,198.34
11978,POS消费,地点192,超市,2014/04/27 19:53:30,26.8,171.54
11978,POS消费,地点107,淋浴,2014/04/27 22:59:53,0.9,170.64
11978,POS消费,地点241,食堂,2014/04/28 08:03:45,5.6,165.04
11978,POS消费,地点241,食堂,2014/04/28 08:04:19,6.3,158.74
11978,POS消费,地点252,食堂,2014/04/28 12:03:58,5.7,153.04
11978,POS消费,地点21,开水,2014/04/28 12:04:34,4.0,149.04
11978,POS消费,地点21,开水,2014/04/28 13:05:18,10.5,138.54
11978,POS消费,地点21,开水,2014/04/28 21:35:07,9.5,129.04
11978,POS消费,地点107,淋浴,2014/04/28 23:41:37,1.2,127.84
11978,POS消费,地点266,食堂,2014/04/29 08:17:17,7.7,120.14
11978,POS消费,地点192,超市,2014/04/29 13:15:14,5.8,114.34
11978,POS消费,地点232,食堂,2014/04/29 17:59:08,4.6,109.74
11978,POS消费,地点21,开水,2014/04/29 18:15:24,3.5,106.24
11978,POS消费,地点107,淋浴,2014/04/29 22:29:05,0.9,105.34
11978,POS消费,地点709,淋浴,2014/04/30 06:23:39,0.4,104.94
11978,POS消费,地点241,食堂,2014/04/30 08:03:14,6.3,98.64
11978,POS消费,地点526,食堂,2014/04/30 14:11:13,6.0,92.64
11978,POS消费,地点526,食堂,2014/04/30 14:11:16,2.0,90.64
11978,POS消费,地点21,开水,2014/04/30 18:11:27,3.5,87.14
11978,POS消费,地点211,校车,2014/04/30 19:26:51,1.0,86.14
11978,POS消费,地点107,淋浴,2014/04/30 23:44:49,1.1,85.04
11978,POS消费,地点107,淋浴,2014/05/01 11:54:46,1.1,83.94
11978,POS消费,地点175,洗衣房,2014/05/01 12:12:00,3.6,80.34
11978,POS消费,地点1472,校车,2014/05/01 13:35:15,1.0,79.34
11978,POS消费,地点709,淋浴,2014/05/01 22:07:50,0.8,78.54
11978,POS消费,地点107,淋浴,2014/05/02 11:05:45,0.9,77.64
11978,POS消费,地点1448,校车,2014/05/02 11:53:56,1.0,76.64
11978,POS消费,地点1448,校车,2014/05/02 17:59:18,1.0,75.64
11978,POS消费,地点192,超市,2014/05/02 18:13:42,27.8,47.84
11978,POS消费,地点107,淋浴,2014/05/02 20:19:04,1.4,46.44
11978,POS消费,地点1442,校车,2014/05/03 18:40:26,1.0,44.44
11978,POS消费,地点709,淋浴,2014/05/03 22:09:36,1.0,43.44
11978,POS消费,地点268,食堂,2014/05/04 08:02:19,5.2,38.24
11978,卡充值,,,2014/05/04 12:03:23,300.0,338.24
11978,POS消费,地点21,开水,2014/05/04 17:27:38,9.4,328.84
11978,POS消费,地点21,开水,2014/05/04 17:28:11,9.4,319.44
11978,POS消费,地点232,食堂,2014/05/04 17:28:41,8.0,311.44
11978,POS消费,地点91,校车,2014/05/04 17:29:08,2.0,309.44
11978,POS消费,地点21,开水,2014/05/04 18:01:30,3.5,300.84
11978,POS消费,地点21,开水,2014/05/04 18:09:24,5.1,304.34
11978,POS消费,地点188,超市,2014/05/04 22:33:44,8.8,292.04
11978,POS消费,地点175,洗衣房,2014/05/04 22:34:44,-0.9,288.34
11978,POS消费,地点175,洗衣房,2014/05/04 22:34:44,3.6,288.44
11978,POS消费,地点107,淋浴,2014/05/04 22:36:35,1.0,287.44
11978,POS消费,地点161,食堂,2014/05/05 12:04:53,5.6,282.74
11978,POS消费,地点188,超市,2014/05/05 18:31:45,2.0,280.74
11978,POS消费,地点188,超市,2014/05/05 21:50:06,4.0,276.74
11978,POS消费,地点799,淋浴,2014/05/05 22:58:03,0.8,275.94
11978,POS消费,地点167,食堂,2014/05/06 08:31:33,6.3,269.64
11978,POS消费,地点158,食堂,2014/05/06 12:05:44,2.6,267.04
11978,POS消费,地点21,开水,2014/05/06 12:29:49,3.5,263.54
11978,POS消费,地点232,食堂,2014/05/06 17:19:02,3.1,260.44
11978,POS消费,地点21,开水,2014/05/06 17:35:42,3.5,256.94
11978,POS消费,地点107,淋浴,2014/05/06 22:02:24,0.8,256.14
11978,POS消费,地点268,食堂,2014/05/07 08:02:26,6.1,250.04
11978,POS消费,地点527,食堂,2014/05/07 17:59:56,4.6,245.44
11978,POS消费,地点527,食堂,2014/05/07 18:00:14,5.1,240.34
11978,POS消费,地点21,开水,2014/05/07 21:16:18,3.5,236.84
11978,POS消费,地点107,淋浴,2014/05/07 22:16:49,0.9,235.94
11978,POS消费,地点268,食堂,2014/05/08 08:01:51,5.1,230.84
11978,POS消费,地点257,食堂,2014/05/08 08:13:10,3.5,227.34
11978,POS消费,地点161,食堂,2014/05/08 11:21:41,5.6,221.74
11978,POS消费,地点252,食堂,2014/05/08 11:27:10,3.5,218.24
11978,POS消费,地点21,开水,2014/05/08 11:43:35,26.3,191.94
11978,POS消费,地点1451,校车,2014/05/08 16:10:17,1.0,190.94
11978,POS消费,地点175,洗衣房,2014/05/08 18:44:19,3.6,183.84
11978,POS消费,地点175,洗衣房,2014/05/08 18:44:19,-1.02,184.86
11978,POS消费,地点188,超市,2014/05/08 18:47:12,3.5,187.44
11978,POS消费,地点268,食堂,2014/05/09 08:03:09,6.5,178.36
11978,POS消费,地点188,超市,2014/05/09 12:58:07,12.5,165.86
11978,POS消费,地点272,食堂,2014/05/09 17:54:10,12.0,153.86
11978,POS消费,地点258,食堂,2014/05/09 17:55:13,3.2,150.66
11978,POS消费,地点709,淋浴,2014/05/09 23:15:06,1.2,149.46
11978,POS消费,地点799,淋浴,2014/05/10 12:25:50,1.0,148.46
11978,POS消费,地点188,超市,2014/05/10 16:11:43,5.2,143.26
11978,POS消费,地点211,校车,2014/05/10 18:27:22,1.0,141.26
11978,POS消费,地点21,开水,2014/05/10 18:29:07,3.0,138.26
11978,POS消费,地点21,开水,2014/05/10 18:29:15,0.5,137.76
11978,POS消费,地点107,淋浴,2014/05/11 11:11:11,1.1,136.66
11978,POS消费,地点192,超市,2014/05/11 13:04:11,12.5,124.16
11978,POS消费,地点146,校车,2014/05/11 16:21:52,1.0,123.16
11978,POS消费,地点21,开水,2014/05/11 18:55:28,10.9,112.26
11978,POS消费,地点266,食堂,2014/05/12 08:06:02,6.3,105.96
11978,POS消费,地点188,超市,2014/05/12 12:10:21,7.5,98.46
11978,POS消费,地点188,超市,2014/05/12 18:15:33,10.9,87.56
11978,POS消费,地点107,淋浴,2014/05/12 22:00:42,0.9,86.66
11978,POS消费,地点167,食堂,2014/05/13 08:31:59,6.3,80.36
11978,POS消费,地点21,开水,2014/05/13 12:05:26,11.5,68.86
11978,POS消费,地点174,洗衣房,2014/05/13 14:06:57,3.6,65.26
11978,POS消费,地点174,洗衣房,2014/05/13 14:06:57,-3.54,68.8
11978,POS消费,地点153,洗衣房,2014/05/13 14:08:15,3.6,65.2
11978,POS消费,地点154,食堂,2014/05/13 17:06:45,2.6,62.6
11978,POS消费,地点252,食堂,2014/05/13 17:08:15,3.9,58.7
11978,POS消费,地点798,淋浴,2014/05/13 22:31:44,0.9,57.8
11978,POS消费,地点268,食堂,2014/05/14 08:05:33,6.2,51.6
11978,POS消费,地点154,食堂,2014/05/14 17:59:54,3.1,48.5
11978,POS消费,地点252,食堂,2014/05/14 18:02:32,3.9,44.6
11978,POS消费,地点107,淋浴,2014/05/14 22:47:06,1.0,43.6
11978,POS消费,地点268,食堂,2014/05/15 11:05:33,3.6,40.0
11978,POS消费,地点268,食堂,2014/05/15 11:05:46,3.6,36.4
11978,POS消费,地点799,淋浴,2014/05/16 00:15:24,1.2,35.2
11978,POS消费,地点21,开水,2014/05/16 11:09:25,4.6,30.6
11978,POS消费,地点252,食堂,2014/05/16 11:11:28,5.2,25.4
11978,POS消费,地点188,超市,2014/05/16 11:27:18,6.2,19.2
11978,POS消费,地点213,食堂,2014/05/16 15:41:27,0.15,19.05
11978,POS消费,地点72,食堂,2014/05/16 18:14:51,4.6,14.45
11978,POS消费,地点192,超市,2014/05/16 18:22:45,5.8,8.65
11978,POS消费,地点107,淋浴,2014/05/17 00:40:27,1.0,7.65
11978,POS消费,地点107,淋浴,2014/05/17 12:27:39,1.0,6.65
11978,POS消费,地点107,淋浴,2014/05/18 02:45:12,0.8,5.85
11978,卡充值,,,2014/05/18 12:56:55,100.0,105.85
11978,POS消费,地点188,超市,2014/05/18 18:48:36,3.5,102.35
11978,POS消费,地点188,超市,2014/05/18 20:44:12,6.0,96.35
11978,POS消费,地点107,淋浴,2014/05/19 00:57:45,1.1,95.25
11978,POS消费,地点268,食堂,2014/05/19 07:57:44,7.4,87.85
11978,POS消费,地点188,超市,2014/05/19 12:04:43,9.8,78.05
11978,POS消费,地点21,开水,2014/05/19 17:39:18,4.6,73.45
11978,POS消费,地点253,食堂,2014/05/19 17:41:35,4.25,69.2
11978,POS消费,地点188,超市,2014/05/19 17:44:20,2.3,66.9
11978,POS消费,地点107,淋浴,2014/05/20 00:08:37,0.8,66.1
11978,POS消费,地点91,校车,2014/05/20 08:30:23,5.1,61.0
11978,POS消费,地点192,超市,2014/05/20 12:03:38,4.7,56.3
11978,POS消费,地点21,开水,2014/05/20 17:53:45,4.6,51.7
11978,POS消费,地点188,超市,2014/05/20 17:55:13,2.3,45.4
11978,POS消费,地点253,食堂,2014/05/20 17:55:39,4.0,47.7
11978,POS消费,地点107,淋浴,2014/05/20 22:35:40,0.8,44.6
11978,POS消费,地点268,食堂,2014/05/21 08:02:49,7.2,37.4
11978,POS消费,地点21,开水,2014/05/21 18:14:54,4.6,32.8
11978,POS消费,地点192,超市,2014/05/21 18:16:07,2.3,26.5
11978,POS消费,地点253,食堂,2014/05/21 18:16:12,4.0,28.8
11978,POS消费,地点107,淋浴,2014/05/21 23:33:38,1.1,25.4
11978,POS消费,地点268,食堂,2014/05/22 08:02:31,6.5,18.9
11978,POS消费,地点305,食堂,2014/05/22 10:52:33,2.5,11.9
11978,POS消费,地点252,食堂,2014/05/22 10:52:41,4.5,14.4
11978,卡充值,,,2014/05/22 11:10:50,100.0,111.9
11978,POS消费,地点192,超市,2014/05/22 19:11:07,8.8,103.1
11978,POS消费,地点268,食堂,2014/05/23 08:02:52,7.4,95.0
11978,POS消费,地点96,淋浴,2014/05/23 09:25:46,0.7,102.4
11978,POS消费,地点188,超市,2014/05/23 12:00:48,5.8,89.2
11978,POS消费,地点272,食堂,2014/05/23 17:52:21,12.0,77.2
11978,POS消费,地点188,超市,2014/05/23 18:11:07,6.1,71.1
11978,POS消费,地点799,淋浴,2014/05/24 01:00:07,1.2,69.9
11978,POS消费,地点799,淋浴,2014/05/24 12:36:53,1.0,68.9
11978,POS消费,地点188,超市,2014/05/24 13:06:39,6.1,62.8
11978,POS消费,地点175,洗衣房,2014/05/24 14:20:47,3.6,59.2
11978,POS消费,地点175,洗衣房,2014/05/24 14:20:47,-0.48,59.48
11978,POS消费,地点709,淋浴,2014/05/24 14:44:08,0.2,59.0
11978,POS消费,地点175,洗衣房,2014/05/24 15:27:36,3.6,55.88
11978,POS消费,地点107,淋浴,2014/05/25 01:24:12,0.7,55.18
11978,POS消费,地点192,超市,2014/05/25 14:18:21,11.6,43.58
11978,POS消费,地点107,淋浴,2014/05/25 23:22:28,0.9,42.68
11978,POS消费,地点268,食堂,2014/05/26 08:03:54,7.5,35.18
11978,POS消费,地点192,超市,2014/05/26 12:00:36,3.0,32.18
11978,卡充值,,,2014/05/26 16:35:36,300.0,332.18
11978,POS消费,地点21,开水,2014/05/26 16:38:23,2.3,329.88
11978,POS消费,地点188,超市,2014/05/26 20:07:48,15.2,314.68
11978,POS消费,地点799,淋浴,2014/05/27 00:20:56,0.8,313.88
11978,POS消费,地点268,食堂,2014/05/27 08:02:35,6.4,307.48
11978,POS消费,地点252,食堂,2014/05/27 11:04:59,5.4,302.08
11978,POS消费,地点188,超市,2014/05/27 11:23:56,2.3,299.78
11978,POS消费,地点188,超市,2014/05/27 20:09:46,2.3,297.48
11978,POS消费,地点107,淋浴,2014/05/28 00:41:13,1.1,296.38
11978,POS消费,地点268,食堂,2014/05/28 07:52:54,6.8,289.58
11978,POS消费,地点188,超市,2014/05/28 10:08:45,2.3,287.28
11978,POS消费,地点154,食堂,2014/05/28 17:57:47,3.1,284.18
11978,POS消费,地点217,食堂,2014/05/28 18:09:19,2.9,281.28
11978,POS消费,地点188,超市,2014/05/28 21:10:35,2.3,278.98
11978,POS消费,地点107,淋浴,2014/05/28 22:21:42,1.1,277.88
11978,POS消费,地点268,食堂,2014/05/29 08:02:25,7.4,270.48
11978,POS消费,地点252,食堂,2014/05/29 10:55:12,5.4,265.08
11978,POS消费,地点21,开水,2014/05/29 18:47:53,5.3,259.78
11978,POS消费,地点192,超市,2014/05/29 18:48:09,6.9,252.88
11978,POS消费,地点192,超市,2014/05/29 18:48:17,23.8,229.08
11978,POS消费,地点175,洗衣房,2014/05/29 19:48:22,3.6,225.48
11978,POS消费,地点175,洗衣房,2014/05/29 19:48:22,-0.84,226.32
11978,POS消费,地点107,淋浴,2014/05/29 23:20:21,1.0,225.32
11978,POS消费,地点268,食堂,2014/05/30 08:01:49,6.0,219.32
11978,POS消费,地点21,开水,2014/05/30 11:07:24,1.0,218.32
11978,POS消费,地点267,食堂,2014/05/30 11:08:34,6.0,212.32
11978,POS消费,地点188,超市,2014/05/30 22:04:43,22.8,189.52
11978,POS消费,地点107,淋浴,2014/05/30 23:55:17,1.2,188.32
11978,POS消费,地点107,淋浴,2014/05/31 17:25:16,0.9,187.42
11978,POS消费,地点21,开水,2014/05/31 18:49:45,5.8,181.62
11978,POS消费,地点16,开水,2014/05/31 21:31:36,0.02,181.6
11978,POS消费,地点107,淋浴,2014/06/01 02:25:25,1.0,180.6
11978,POS消费,地点107,淋浴,2014/06/01 12:02:16,0.8,179.8
11978,POS消费,地点107,淋浴,2014/06/01 12:10:03,0.1,179.7
11978,POS消费,地点195,超市,2014/06/01 13:07:57,15.9,163.8
11978,POS消费,地点192,超市,2014/06/01 13:53:21,2.3,161.5
11978,POS消费,地点264,食堂,2014/06/01 17:52:28,5.6,155.9
11978,POS消费,地点264,食堂,2014/06/01 17:52:51,5.6,150.3
11978,POS消费,地点264,食堂,2014/06/01 17:53:08,5.6,144.7
11978,POS消费,地点192,超市,2014/06/01 21:11:03,11.6,133.1
11978,POS消费,地点799,淋浴,2014/06/02 02:56:57,0.7,132.4
11978,POS消费,地点107,淋浴,2014/06/02 11:35:31,0.9,131.5
11978,POS消费,地点175,洗衣房,2014/06/02 22:31:44,3.6,127.9
11978,POS消费,地点175,洗衣房,2014/06/02 22:31:44,-0.3,127.4
11978,POS消费,地点96,淋浴,2014/06/02 22:37:10,0.8,127.1
11978,POS消费,地点268,食堂,2014/06/03 08:02:46,7.9,119.5
11978,POS消费,地点107,淋浴,2014/06/03 12:01:53,0.5,119.0
11978,POS消费,地点213,食堂,2014/06/03 17:14:50,0.45,118.55
11978,POS消费,地点192,超市,2014/06/03 18:00:35,5.8,112.75
11978,POS消费,地点175,洗衣房,2014/06/03 19:47:47,3.6,109.15
11978,POS消费,地点709,淋浴,2014/06/03 23:02:16,0.7,108.45
11978,POS消费,地点268,食堂,2014/06/04 08:03:15,6.5,101.95
11978,POS消费,地点213,食堂,2014/06/04 11:52:09,1.35,100.6
11978,POS消费,地点21,开水,2014/06/04 14:01:26,2.3,98.3
11978,POS消费,地点1472,校车,2014/06/04 17:15:59,1.0,97.3
11978,POS消费,地点21,开水,2014/06/04 17:39:19,7.5,89.8
11978,POS消费,地点192,超市,2014/06/04 21:11:08,15.3,74.5
11978,POS消费,地点709,淋浴,2014/06/04 22:12:06,0.9,73.6
11978,POS消费,地点268,食堂,2014/06/05 08:02:29,6.3,67.3
11978,POS消费,地点204,食堂,2014/06/05 10:56:17,5.5,61.8
11978,POS消费,地点204,食堂,2014/06/05 10:57:01,5.55,56.25
11978,POS消费,地点188,超市,2014/06/05 11:01:23,5.7,50.55
11978,POS消费,地点107,淋浴,2014/06/05 20:24:54,1.3,49.25
11978,POS消费,地点161,食堂,2014/06/06 11:09:47,5.6,43.65
11978,POS消费,地点252,食堂,2014/06/06 11:12:41,3.9,39.75
11978,POS消费,地点188,超市,2014/06/06 11:28:08,2.3,37.45
11978,POS消费,地点272,食堂,2014/06/06 17:53:40,12.0,25.45
11978,POS消费,地点21,开水,2014/06/06 18:14:17,9.2,16.25
11978,POS消费,地点107,淋浴,2014/06/07 02:48:53,1.3,14.95
11978,POS消费,地点107,淋浴,2014/06/07 11:27:17,0.9,14.05
11978,POS消费,地点253,食堂,2014/06/07 12:07:32,4.85,9.2
11978,POS消费,地点21,开水,2014/06/07 12:12:33,6.9,2.3
11978,卡充值,,,2014/06/07 12:14:17,100.0,102.3
11978,POS消费,地点192,超市,2014/06/07 18:58:19,3.3,99.0
11978,POS消费,地点107,淋浴,2014/06/08 01:26:07,1.1,97.9
11978,POS消费,地点188,超市,2014/06/08 13:44:38,3.4,94.5
11978,POS消费,地点175,洗衣房,2014/06/08 19:07:44,3.6,90.9
11978,POS消费,地点175,洗衣房,2014/06/08 19:07:44,-1.02,91.92
11978,POS消费,地点107,淋浴,2014/06/09 00:02:30,0.8,91.12
11978,POS消费,地点21,开水,2014/06/09 09:30:12,3.4,87.72
11978,POS消费,地点253,食堂,2014/06/09 12:14:37,4.6,83.12
11978,POS消费,地点253,食堂,2014/06/09 12:15:08,3.5,79.62
11978,POS消费,地点188,超市,2014/06/09 12:16:27,3.3,76.32
11978,POS消费,地点21,开水,2014/06/09 16:10:49,3.3,73.02
11978,POS消费,地点21,开水,2014/06/09 18:02:13,5.3,67.72
11978,POS消费,地点188,超市,2014/06/09 19:56:57,6.0,61.72
11978,POS消费,地点16,开水,2014/06/09 20:08:10,0.04,61.68
11978,POS消费,地点709,淋浴,2014/06/09 21:22:51,0.8,60.88
11978,POS消费,地点188,超市,2014/06/10 10:16:48,3.3,57.58
11978,POS消费,地点188,超市,2014/06/10 18:44:11,3.3,54.28
11978,POS消费,地点107,淋浴,2014/06/10 21:45:15,1.1,53.18
11978,POS消费,地点188,超市,2014/06/11 17:59:46,10.3,42.88
11978,POS消费,地点188,超市,2014/06/11 21:08:54,5.3,37.58
11978,POS消费,地点798,淋浴,2014/06/11 23:18:04,0.8,36.78
11978,POS消费,地点174,洗衣房,2014/06/12 09:07:41,3.6,33.18
11978,POS消费,地点174,洗衣房,2014/06/12 09:54:16,-0.78,33.96
11978,POS消费,地点204,食堂,2014/06/12 10:50:04,5.5,28.46
11978,POS消费,地点21,开水,2014/06/12 18:47:24,3.3,25.16
11978,POS消费,地点709,淋浴,2014/06/12 22:59:51,0.9,24.26
11978,POS消费,地点252,食堂,2014/06/13 11:47:21,5.0,19.26
11978,POS消费,地点21,开水,2014/06/13 12:09:55,3.3,15.96
11978,卡充值,,,2014/06/13 12:10:37,300.0,315.96
11978,POS消费,地点192,超市,2014/06/13 22:16:50,5.5,310.46
11978,POS消费,地点107,淋浴,2014/06/13 23:44:36,1.2,309.26
11978,POS消费,地点107,淋浴,2014/06/14 12:35:38,1.1,308.16
11978,POS消费,地点188,超市,2014/06/14 13:47:17,6.7,301.46
11978,POS消费,地点188,超市,2014/06/14 17:53:47,6.7,294.76
11978,POS消费,地点188,超市,2014/06/14 22:24:52,8.8,285.96
11978,POS消费,地点107,淋浴,2014/06/15 01:58:35,1.1,284.86
11978,POS消费,地点192,超市,2014/06/15 14:43:08,11.7,273.16
11978,POS消费,地点192,超市,2014/06/15 21:36:37,8.8,264.36
11978,POS消费,地点709,淋浴,2014/06/15 22:40:44,0.9,263.46
11978,POS消费,地点709,淋浴,2014/06/15 22:49:18,0.1,263.36
11978,POS消费,地点21,开水,2014/06/16 11:58:33,4.6,258.76
11978,POS消费,地点21,开水,2014/06/16 12:02:35,3.3,255.46
11978,POS消费,地点192,超市,2014/06/16 16:09:52,10.3,245.16
11978,POS消费,地点72,食堂,2014/06/16 17:52:36,4.6,240.56
11978,POS消费,地点213,食堂,2014/06/16 18:25:09,8.25,232.31
11978,POS消费,地点107,淋浴,2014/06/16 23:01:40,1.0,231.31
11978,POS消费,地点72,食堂,2014/06/17 12:02:52,4.6,226.71
11978,POS消费,地点21,开水,2014/06/17 12:14:42,3.3,223.41
11978,POS消费,地点72,食堂,2014/06/17 18:06:21,5.1,218.31
11978,POS消费,地点188,超市,2014/06/17 18:21:35,3.4,214.91
11978,POS消费,地点107,淋浴,2014/06/17 23:41:03,0.9,214.01
11978,POS消费,地点21,开水,2014/06/18 11:40:05,4.6,209.41
11978,POS消费,地点188,超市,2014/06/18 11:41:16,3.3,206.11
11978,POS消费,地点21,开水,2014/06/18 18:01:35,4.6,201.51
11978,POS消费,地点188,超市,2014/06/18 18:05:33,3.3,198.21
11978,POS消费,地点188,超市,2014/06/18 22:24:14,2.3,195.91
11978,POS消费,地点798,淋浴,2014/06/18 23:03:33,0.9,195.01
11978,POS消费,地点107,淋浴,2014/06/19 09:42:40,0.8,194.21
11978,POS消费,地点175,洗衣房,2014/06/19 09:56:41,3.6,190.61
11978,POS消费,地点21,开水,2014/06/19 12:04:12,4.6,186.01
11978,POS消费,地点21,开水,2014/06/19 12:05:18,3.4,182.61
11978,POS消费,地点21,开水,2014/06/19 15:57:50,6.3,176.31
11978,POS消费,地点188,超市,2014/06/19 18:02:02,3.4,167.31
11978,POS消费,地点253,食堂,2014/06/19 18:02:54,4.6,171.71
11978,POS消费,地点237,食堂,2014/06/19 18:05:14,1.0,170.71
11978,POS消费,地点21,开水,2014/06/20 12:30:03,5.1,162.21
11978,POS消费,地点188,超市,2014/06/20 18:49:09,8.9,153.31
11978,POS消费,地点799,淋浴,2014/06/20 23:13:28,0.8,152.51
11978,POS消费,地点799,淋浴,2014/06/21 12:19:06,0.7,151.81
11978,POS消费,地点21,开水,2014/06/21 13:35:50,3.3,148.51
11978,POS消费,地点709,淋浴,2014/06/22 00:28:59,0.7,147.81
11978,POS消费,地点709,淋浴,2014/06/22 10:08:28,0.8,147.01
11978,POS消费,地点21,开水,2014/06/22 13:13:20,3.4,143.61
11978,POS消费,地点188,超市,2014/06/22 21:51:19,5.1,138.51
11978,POS消费,地点107,淋浴,2014/06/22 23:58:08,0.8,137.71
11978,POS消费,地点21,开水,2014/06/23 12:22:29,4.6,133.11
11978,POS消费,地点188,超市,2014/06/23 13:48:47,3.4,129.71
11978,POS消费,地点213,食堂,2014/06/23 16:43:36,8.6,121.11
11978,POS消费,地点253,食堂,2014/06/23 17:48:16,5.6,115.51
11978,POS消费,地点237,食堂,2014/06/23 17:51:03,1.0,114.51
11978,POS消费,地点188,超市,2014/06/23 21:02:40,6.4,108.11
11978,POS消费,地点107,淋浴,2014/06/24 02:41:56,0.9,107.21
11978,POS消费,地点107,淋浴,2014/06/24 08:07:25,0.9,106.31
11978,POS消费,地点107,淋浴,2014/06/24 22:54:28,0.8,105.51
11978,POS消费,地点107,淋浴,2014/06/25 11:33:38,1.1,104.41
11978,POS消费,地点21,开水,2014/06/25 18:08:57,4.6,99.81
11978,POS消费,地点21,开水,2014/06/25 18:11:12,6.4,93.41
11978,POS消费,地点107,淋浴,2014/06/26 00:32:52,0.9,92.51
11978,POS消费,地点107,淋浴,2014/06/26 11:03:20,0.8,91.71
11978,POS消费,地点21,开水,2014/06/26 12:15:16,4.6,87.11
11978,POS消费,地点21,开水,2014/06/26 12:15:42,4.6,82.51
11978,POS消费,地点21,开水,2014/06/26 12:20:26,12.9,69.61
11978,POS消费,地点21,开水,2014/06/26 21:08:01,3.4,66.21
11978,POS消费,地点107,淋浴,2014/06/27 03:25:51,0.8,65.41
11978,POS消费,地点799,淋浴,2014/06/27 12:37:07,1.0,64.41
11978,POS消费,地点175,洗衣房,2014/06/27 13:47:07,3.6,60.81
11978,POS消费,地点799,淋浴,2014/06/27 16:37:12,0.6,60.21
11978,POS消费,地点188,超市,2014/06/27 20:27:06,3.4,56.81
11978,POS消费,地点107,淋浴,2014/06/27 23:11:29,0.3,56.51
11978,POS消费,地点799,淋浴,2014/06/28 00:40:44,0.7,55.81
11978,POS消费,地点799,淋浴,2014/06/28 10:48:42,0.9,54.91
11978,POS消费,地点709,淋浴,2014/06/28 19:12:43,0.7,54.21
11978,POS消费,地点799,淋浴,2014/06/28 23:44:35,0.8,53.41
11978,POS消费,地点709,淋浴,2014/06/29 09:05:34,0.7,52.71
11978,POS消费,地点799,淋浴,2014/06/29 11:21:19,0.7,52.01
11978,POS消费,地点72,食堂,2014/06/29 12:05:52,4.6,47.41
11978,POS消费,地点72,食堂,2014/06/29 12:06:15,5.1,42.31
11978,POS消费,地点798,淋浴,2014/06/30 00:29:37,0.8,41.51
11978,POS消费,地点118,食堂,2014/06/30 08:56:48,4.0,37.51
11978,POS消费,地点188,超市,2014/06/30 11:35:01,3.4,34.11
11978,POS消费,地点21,开水,2014/06/30 18:02:08,4.6,29.51
11978,POS消费,地点188,超市,2014/06/30 18:02:10,3.3,21.11
11978,POS消费,地点21,开水,2014/06/30 18:02:37,5.1,24.41
11978,POS消费,地点107,淋浴,2014/06/30 21:35:33,1.0,20.11
11978,POS消费,地点118,食堂,2014/07/01 08:41:11,4.0,16.11
11978,POS消费,地点21,开水,2014/07/01 10:32:00,3.3,12.81
11978,POS消费,地点709,淋浴,2014/07/01 23:11:16,0.8,12.01
11978,POS消费,地点1155,食堂,2014/07/02 08:36:47,4.0,8.01
11978,POS消费,地点799,淋浴,2014/07/02 17:01:03,1.1,6.91
11978,POS消费,地点799,淋浴,2014/07/03 11:11:08,1.2,5.71
11978,卡充值,,,2014/07/03 14:57:52,100.0,105.71
11978,POS消费,地点21,开水,2014/07/03 14:59:53,9.9,95.81
11978,POS消费,地点21,开水,2014/07/03 18:08:01,4.6,91.21
11978,POS消费,地点188,超市,2014/07/03 18:12:16,7.1,84.11
11978,POS消费,地点799,淋浴,2014/07/04 00:26:07,0.7,83.41
11978,POS消费,地点799,淋浴,2014/07/04 09:54:18,1.1,82.31
11978,POS消费,地点799,淋浴,2014/07/05 00:06:35,0.9,81.41
11978,POS消费,地点799,淋浴,2014/07/05 10:34:36,0.9,80.51
11978,POS消费,地点21,开水,2014/07/05 20:31:48,8.9,71.61
11978,POS消费,地点799,淋浴,2014/07/05 23:51:44,0.9,70.71
11978,POS消费,地点799,淋浴,2014/07/06 10:22:51,0.9,69.81
11978,POS消费,地点175,洗衣房,2014/07/06 10:56:49,-0.84,67.05
11978,POS消费,地点175,洗衣房,2014/07/06 10:56:49,3.6,66.21
11978,POS消费,地点799,淋浴,2014/07/06 22:04:50,0.9,66.15
11978,POS消费,地点118,食堂,2014/07/07 08:36:50,4.0,62.15
11978,POS消费,地点799,淋浴,2014/07/07 13:11:10,0.5,61.65
11978,POS消费,地点799,淋浴,2014/07/07 23:54:22,0.9,60.75
11978,POS消费,地点799,淋浴,2014/07/08 00:04:22,0.1,60.65
11978,POS消费,地点1155,食堂,2014/07/08 08:40:45,5.0,55.65
11978,POS消费,地点107,淋浴,2014/07/08 21:54:08,0.7,54.95
11978,POS消费,地点799,淋浴,2014/07/09 11:18:40,0.8,54.15
11978,POS消费,地点72,食堂,2014/07/09 12:18:59,5.1,49.05
11978,POS消费,地点709,淋浴,2014/07/09 22:27:21,0.8,48.25
11978,POS消费,地点118,食堂,2014/07/10 08:37:19,5.0,43.25
11978,POS消费,地点175,洗衣房,2014/07/10 16:49:44,3.6,39.65
11978,POS消费,地点188,超市,2014/07/10 20:54:19,4.2,35.45
11978,POS消费,地点709,淋浴,2014/07/10 23:11:31,0.8,34.65
11978,POS消费,地点21,开水,2014/07/11 08:33:46,4.9,29.75
11978,POS消费,地点175,洗衣房,2014/07/11 23:01:55,3.6,26.15
11978,POS消费,地点709,淋浴,2014/07/11 23:04:43,0.7,25.45
11978,POS消费,地点709,淋浴,2014/07/12 11:13:37,0.8,24.65
11978,POS消费,地点188,超市,2014/07/12 13:33:00,13.9,10.75
11978,POS消费,地点188,超市,2014/07/12 14:16:50,5.0,5.75
11978,POS消费,地点175,洗衣房,2014/08/26 22:10:30,3.6,2.15
11978,POS消费,地点107,淋浴,2014/08/26 23:36:33,0.8,1.35
11978,POS消费,地点107,淋浴,2014/08/27 10:58:42,0.6,0.75
11978,POS消费,地点709,淋浴,2014/08/27 11:07:37,0.4,0.35
11978,卡充值,,,2014/08/27 13:27:33,200.0,200.35
11978,POS消费,地点192,超市,2014/08/27 19:23:09,18.3,182.05
11978,POS消费,地点21,开水,2014/08/27 19:24:16,30.0,152.05
11978,POS消费,地点21,开水,2014/08/27 19:24:20,9.0,143.05
11978,POS消费,地点709,淋浴,2014/08/28 00:28:27,1.0,142.05
11978,POS消费,地点709,淋浴,2014/08/28 11:34:17,0.9,141.15
11978,POS消费,地点237,食堂,2014/08/28 17:49:47,1.0,133.05
11978,POS消费,地点253,食堂,2014/08/28 18:00:21,7.1,134.05
11978,POS消费,地点798,淋浴,2014/08/28 23:32:58,0.7,132.35
11978,POS消费,地点709,淋浴,2014/08/29 14:20:37,0.9,131.45
11978,POS消费,地点709,淋浴,2014/08/29 14:20:37,0.6,130.85
11978,POS消费,地点192,超市,2014/08/29 21:17:55,2.6,128.25
11978,POS消费,地点798,淋浴,2014/08/29 23:35:05,0.7,127.55
11978,POS消费,地点709,淋浴,2014/08/30 12:02:48,0.7,126.85
11978,POS消费,地点192,超市,2014/08/30 14:43:18,3.3,123.55
11978,POS消费,地点237,食堂,2014/08/30 17:43:57,1.0,115.25
11978,POS消费,地点253,食堂,2014/08/30 17:53:44,7.3,116.25
11978,POS消费,地点21,开水,2014/08/30 18:02:14,6.2,109.05
11978,POS消费,地点709,淋浴,2014/08/30 22:32:28,0.9,108.15
11978,POS消费,地点709,淋浴,2014/08/31 10:55:08,0.9,107.25
11978,POS消费,地点709,淋浴,2014/08/31 20:54:34,1.1,106.15
