21578,POS消费,地点21,开水,2013/09/01 07:35:25,1.8,336.98
21578,POS消费,地点21,开水,2013/09/01 11:37:44,2.1,334.88
21578,POS消费,地点21,开水,2013/09/01 11:38:20,5.0,329.88
21578,POS消费,地点21,开水,2013/09/01 12:46:33,2.7,327.18
21578,POS消费,地点272,食堂,2013/09/01 17:20:27,9.0,318.18
21578,POS消费,地点161,食堂,2013/09/02 12:19:18,10.6,307.58
21578,POS消费,地点91,校车,2013/09/02 18:33:13,7.6,299.98
21578,POS消费,地点258,食堂,2013/09/02 21:47:22,4.5,295.48
21578,POS消费,地点190,超市,2013/09/02 21:57:29,3.5,291.98
21578,POS消费,地点267,食堂,2013/09/03 08:01:35,2.0,289.98
21578,POS消费,地点241,食堂,2013/09/03 12:31:08,8.6,281.38
21578,POS消费,地点841,食堂,2013/09/03 12:35:51,3.0,278.38
21578,POS消费,地点114,食堂,2013/09/03 18:25:13,2.5,275.88
21578,POS消费,地点841,食堂,2013/09/03 18:26:29,3.0,272.88
21578,POS消费,地点21,开水,2013/09/03 20:13:36,7.0,265.88
21578,POS消费,地点258,食堂,2013/09/03 20:25:49,4.7,261.18
21578,POS消费,地点838,食堂,2013/09/04 07:39:03,1.63,259.55
21578,POS消费,地点839,食堂,2013/09/04 12:02:18,4.6,254.95
21578,POS消费,地点190,超市,2013/09/04 12:20:19,2.7,252.25
21578,POS消费,地点232,食堂,2013/09/04 18:19:34,4.6,247.65
21578,POS消费,地点841,食堂,2013/09/04 18:22:28,1.0,246.65
21578,POS消费,地点232,食堂,2013/09/05 07:45:18,2.03,244.62
21578,POS消费,地点818,食堂,2013/09/05 12:13:50,4.6,240.02
21578,POS消费,地点257,食堂,2013/09/05 12:26:08,2.9,237.12
21578,POS消费,地点841,食堂,2013/09/05 18:08:06,3.0,234.12
21578,POS消费,地点292,超市,2013/09/05 21:15:24,12.3,221.82
21578,POS消费,地点232,食堂,2013/09/06 07:32:03,2.03,219.79
21578,POS消费,地点267,食堂,2013/09/06 11:24:48,8.6,211.19
21578,POS消费,地点841,食堂,2013/09/06 11:32:48,3.9,207.29
21578,POS消费,地点232,食堂,2013/09/06 17:37:04,4.6,202.69
21578,POS消费,地点841,食堂,2013/09/06 17:50:20,3.0,199.69
21578,POS消费,地点21,开水,2013/09/06 21:09:16,10.0,189.69
21578,POS消费,地点258,食堂,2013/09/06 21:11:53,3.2,186.49
21578,POS消费,地点232,食堂,2013/09/07 07:35:32,1.63,184.86
21578,POS消费,地点279,食堂,2013/09/07 11:42:12,7.8,177.06
21578,POS消费,地点279,食堂,2013/09/07 17:37:09,4.6,172.46
21578,POS消费,地点281,超市,2013/09/07 21:14:13,8.0,164.46
21578,POS消费,地点281,超市,2013/09/07 21:14:17,8.0,156.46
21578,POS消费,地点819,食堂,2013/09/08 07:22:36,1.63,154.83
21578,POS消费,地点819,食堂,2013/09/08 11:32:25,9.6,145.23
21578,POS消费,地点841,食堂,2013/09/08 11:43:36,2.9,142.33
21578,POS消费,地点91,校车,2013/09/08 17:31:31,4.6,137.73
21578,POS消费,地点821,食堂,2013/09/09 07:19:17,1.63,136.1
21578,POS消费,地点821,食堂,2013/09/09 11:38:16,9.6,126.5
21578,POS消费,地点821,食堂,2013/09/09 17:39:26,5.6,120.9
21578,POS消费,地点257,食堂,2013/09/09 17:42:29,2.9,118.0
21578,POS消费,地点304,超市,2013/09/09 20:55:27,6.0,112.0
21578,POS消费,地点75,食堂,2013/09/10 07:03:26,1.63,110.37
21578,POS消费,地点821,食堂,2013/09/10 11:31:06,9.6,100.77
21578,POS消费,地点257,食堂,2013/09/10 11:33:59,2.9,97.87
21578,POS消费,地点91,校车,2013/09/10 17:28:36,4.6,93.27
21578,POS消费,地点841,食堂,2013/09/10 17:43:30,3.0,90.27
21578,POS消费,地点304,超市,2013/09/10 20:40:21,6.0,84.27
21578,POS消费,地点266,食堂,2013/09/11 07:11:50,3.63,80.64
21578,POS消费,地点144,食堂,2013/09/11 11:36:25,8.6,72.04
21578,卡充值,,,2013/09/11 11:52:40,200.0,272.04
21578,POS消费,地点21,开水,2013/09/11 11:55:51,3.0,269.04
21578,POS消费,地点232,食堂,2013/09/11 17:21:47,3.0,266.04
21578,POS消费,地点257,食堂,2013/09/11 17:31:17,3.5,262.54
21578,POS消费,地点304,超市,2013/09/11 20:50:57,2.7,259.84
21578,POS消费,地点821,食堂,2013/09/12 07:05:45,4.83,255.01
21578,POS消费,地点167,食堂,2013/09/12 11:24:47,7.6,247.41
21578,POS消费,地点257,食堂,2013/09/12 11:33:34,2.9,244.51
21578,POS消费,地点219,超市,2013/09/12 15:51:32,1.0,243.51
21578,POS消费,地点272,食堂,2013/09/12 17:20:04,10.0,233.51
21578,POS消费,地点258,食堂,2013/09/12 17:30:10,2.0,231.51
21578,POS消费,地点304,超市,2013/09/12 20:57:59,2.7,228.81
21578,POS消费,地点232,食堂,2013/09/13 07:03:09,3.63,225.18
21578,POS消费,地点268,食堂,2013/09/13 11:27:40,9.6,215.58
21578,POS消费,地点257,食堂,2013/09/13 11:41:53,2.9,212.68
21578,POS消费,地点217,食堂,2013/09/13 17:25:42,3.0,209.68
21578,POS消费,地点21,开水,2013/09/13 21:29:24,6.0,203.68
21578,POS消费,地点258,食堂,2013/09/13 21:29:25,3.2,200.48
21578,POS消费,地点232,食堂,2013/09/14 07:29:46,3.63,196.85
21578,POS消费,地点105,食堂,2013/09/14 11:47:45,8.6,188.25
21578,POS消费,地点190,超市,2013/09/14 12:04:00,4.3,183.95
21578,POS消费,地点21,开水,2013/09/15 17:39:37,5.6,178.35
21578,POS消费,地点21,开水,2013/09/15 17:54:56,1.5,176.85
21578,POS消费,地点21,开水,2013/09/16 06:42:51,3.23,173.62
21578,POS消费,地点21,开水,2013/09/16 12:05:20,9.6,164.02
21578,POS消费,地点21,开水,2013/09/16 12:19:25,3.0,161.02
21578,POS消费,地点1046,淋浴,2013/09/16 15:53:18,0.2,160.82
21578,POS消费,地点21,开水,2013/09/16 18:00:38,2.6,158.22
21578,POS消费,地点21,开水,2013/09/16 18:01:30,5.0,153.22
21578,POS消费,地点21,开水,2013/09/16 18:14:10,7.6,145.62
21578,POS消费,地点21,开水,2013/09/17 06:39:25,5.23,140.39
21578,POS消费,地点21,开水,2013/09/17 12:02:56,5.6,134.79
21578,POS消费,地点91,校车,2013/09/17 12:03:35,5.0,129.79
21578,POS消费,地点94,开水,2013/09/17 15:06:28,0.01,129.78
21578,POS消费,地点21,开水,2013/09/17 18:05:38,5.6,124.18
21578,POS消费,地点21,开水,2013/09/17 18:06:42,1.0,123.18
21578,POS消费,地点1046,淋浴,2013/09/17 18:30:37,0.3,122.88
21578,POS消费,地点232,食堂,2013/09/18 06:45:37,6.03,116.85
21578,POS消费,地点21,开水,2013/09/18 11:46:36,4.6,112.25
21578,POS消费,地点21,开水,2013/09/18 11:47:25,2.5,109.75
21578,POS消费,地点91,校车,2013/09/18 17:38:22,8.0,101.75
21578,POS消费,地点91,校车,2013/09/18 17:43:38,0.6,101.15
21578,POS消费,地点21,开水,2013/09/18 17:56:17,2.9,98.25
21578,POS消费,地点295,校车,2013/09/21 16:55:55,4.0,94.25
21578,POS消费,地点21,开水,2013/09/21 18:02:56,5.1,89.15
21578,POS消费,地点232,食堂,2013/09/22 06:59:23,5.23,83.92
21578,POS消费,地点91,校车,2013/09/22 11:23:04,5.6,78.32
21578,POS消费,地点21,开水,2013/09/22 11:23:49,2.0,76.32
21578,卡充值,,,2013/09/22 16:15:21,200.0,276.32
21578,POS消费,地点21,开水,2013/09/22 17:35:38,5.6,270.72
21578,POS消费,地点21,开水,2013/09/22 17:36:09,2.5,268.22
21578,POS消费,地点21,开水,2013/09/22 21:39:22,4.3,263.92
21578,POS消费,地点21,开水,2013/09/23 06:54:07,2.4,261.52
21578,POS消费,地点21,开水,2013/09/23 12:00:37,9.6,251.92
21578,POS消费,地点1127,淋浴,2013/09/23 16:24:31,0.4,251.52
21578,POS消费,地点21,开水,2013/09/23 17:27:11,3.1,248.42
21578,POS消费,地点21,开水,2013/09/23 17:27:29,1.5,246.92
21578,POS消费,地点21,开水,2013/09/23 17:36:24,2.0,244.92
21578,POS消费,地点232,食堂,2013/09/24 06:56:14,3.03,241.89
21578,POS消费,地点21,开水,2013/09/24 06:56:29,0.8,241.09
21578,POS消费,地点232,食堂,2013/09/24 12:04:39,5.6,235.49
21578,POS消费,地点1127,淋浴,2013/09/24 15:09:05,0.4,235.09
21578,POS消费,地点21,开水,2013/09/24 17:53:38,4.6,230.49
21578,POS消费,地点21,开水,2013/09/24 17:54:16,1.5,228.99
21578,POS消费,地点21,开水,2013/09/24 21:41:22,2.3,226.69
21578,POS消费,地点21,开水,2013/09/25 06:56:40,1.63,225.06
21578,POS消费,地点21,开水,2013/09/25 11:53:24,8.6,216.46
21578,POS消费,地点21,开水,2013/09/25 18:06:16,5.6,210.86
21578,POS消费,地点21,开水,2013/09/25 18:08:00,1.5,209.36
21578,POS消费,地点21,开水,2013/09/25 18:15:44,4.0,205.36
21578,POS消费,地点21,开水,2013/09/25 21:42:11,4.2,201.16
21578,POS消费,地点232,食堂,2013/09/26 06:54:25,5.23,195.92
21578,POS消费,地点94,开水,2013/09/26 09:53:21,0.01,201.15
21578,POS消费,地点21,开水,2013/09/26 11:31:08,5.6,190.32
21578,POS消费,地点21,开水,2013/09/26 11:31:42,2.0,188.32
21578,POS消费,地点21,开水,2013/09/26 17:03:36,2.6,185.72
21578,POS消费,地点21,开水,2013/09/26 20:31:41,5.5,180.22
21578,POS消费,地点21,开水,2013/09/29 06:59:46,3.83,176.39
21578,POS消费,地点21,开水,2013/09/29 11:19:55,5.6,170.79
21578,POS消费,地点21,开水,2013/09/29 11:20:33,2.0,168.79
21578,POS消费,地点21,开水,2013/09/29 11:29:02,3.0,165.79
21578,POS消费,地点91,校车,2013/09/29 17:17:16,8.0,157.79
21578,POS消费,地点91,校车,2013/09/29 17:20:08,0.6,157.19
21578,POS消费,地点21,开水,2013/09/29 21:46:43,7.5,149.69
21578,POS消费,地点21,开水,2013/09/30 06:55:07,3.83,145.86
21578,POS消费,地点21,开水,2013/09/30 11:58:11,10.6,135.26
21578,POS消费,地点21,开水,2013/09/30 13:27:44,7.2,128.06
21578,POS消费,地点21,开水,2013/09/30 16:18:19,8.1,119.96
21578,POS消费,地点21,开水,2013/10/07 15:49:50,2.7,117.26
21578,POS消费,地点21,开水,2013/10/07 17:26:54,5.6,111.66
21578,POS消费,地点21,开水,2013/10/08 06:55:37,3.0,108.66
21578,POS消费,地点21,开水,2013/10/08 12:00:39,4.6,104.06
21578,POS消费,地点21,开水,2013/10/08 12:01:24,3.0,101.06
21578,POS消费,地点21,开水,2013/10/08 18:00:40,4.6,96.46
21578,POS消费,地点21,开水,2013/10/08 18:10:11,3.6,92.86
21578,POS消费,地点94,开水,2013/10/08 18:44:11,0.01,92.85
21578,POS消费,地点21,开水,2013/10/08 21:41:39,2.7,90.15
21578,POS消费,地点21,开水,2013/10/09 06:54:49,4.33,85.82
21578,POS消费,地点21,开水,2013/10/09 11:50:13,9.5,76.32
21578,POS消费,地点21,开水,2013/10/09 12:14:18,4.4,71.92
21578,POS消费,地点1115,淋浴,2013/10/09 16:50:41,0.5,71.42
21578,POS消费,地点21,开水,2013/10/09 17:32:36,5.6,65.82
21578,POS消费,地点21,开水,2013/10/09 21:39:52,4.0,61.82
21578,POS消费,地点21,开水,2013/10/10 06:57:26,3.33,58.49
21578,POS消费,地点21,开水,2013/10/10 11:59:43,9.6,48.89
21578,POS消费,地点21,开水,2013/10/10 20:31:21,4.2,44.69
21578,POS消费,地点1115,淋浴,2013/10/10 20:39:23,0.5,44.19
21578,POS消费,地点21,开水,2013/10/11 07:02:22,3.33,40.86
21578,POS消费,地点21,开水,2013/10/11 11:16:32,4.6,36.26
21578,POS消费,地点21,开水,2013/10/11 11:16:48,5.0,31.26
21578,POS消费,地点21,开水,2013/10/11 11:17:22,1.8,29.46
21578,POS消费,地点21,开水,2013/10/11 17:13:07,5.6,23.86
21578,POS消费,地点21,开水,2013/10/11 17:22:09,2.5,21.36
21578,POS消费,地点21,开水,2013/10/11 21:18:54,4.3,17.06
21578,POS消费,地点21,开水,2013/10/12 11:58:45,4.6,12.46
21578,POS消费,地点21,开水,2013/10/12 11:58:54,5.0,7.46
21578,POS消费,地点21,开水,2013/10/12 17:25:05,2.3,5.16
21578,卡充值,,,2013/10/13 09:32:29,120.0,124.96
21578,POS消费,地点21,开水,2013/10/13 11:16:23,5.6,119.36
21578,POS消费,地点21,开水,2013/10/13 11:16:53,2.0,117.36
21578,POS消费,地点21,开水,2013/10/13 11:27:53,3.0,114.36
21578,POS消费,地点91,校车,2013/10/13 17:25:04,5.0,109.36
21578,POS消费,地点1115,淋浴,2013/10/13 17:59:08,0.2,4.96
21578,POS消费,地点21,开水,2013/10/14 11:59:55,5.6,103.76
21578,POS消费,地点21,开水,2013/10/14 11:59:59,5.0,98.76
21578,POS消费,地点21,开水,2013/10/14 12:23:32,2.0,96.76
21578,POS消费,地点94,开水,2013/10/14 12:29:41,0.01,96.75
21578,POS消费,地点21,开水,2013/10/14 17:33:03,5.6,91.15
21578,POS消费,地点21,开水,2013/10/14 21:43:03,3.0,88.15
21578,POS消费,地点21,开水,2013/10/15 07:01:03,3.3,84.85
21578,POS消费,地点21,开水,2013/10/15 12:12:56,8.6,76.25
21578,POS消费,地点94,开水,2013/10/15 13:40:44,0.01,76.24
21578,POS消费,地点1127,淋浴,2013/10/15 15:09:02,0.5,75.74
21578,POS消费,地点21,开水,2013/10/15 17:58:49,5.6,70.14
21578,POS消费,地点21,开水,2013/10/15 18:23:52,2.5,67.64
21578,POS消费,地点21,开水,2013/10/15 21:40:56,2.8,64.84
21578,POS消费,地点21,开水,2013/10/16 07:00:23,2.6,62.24
21578,POS消费,地点21,开水,2013/10/16 11:53:55,4.6,57.64
21578,POS消费,地点21,开水,2013/10/16 11:54:41,3.5,54.14
21578,POS消费,地点21,开水,2013/10/16 17:31:41,3.6,50.54
21578,POS消费,地点21,开水,2013/10/16 17:32:47,2.0,48.54
21578,POS消费,地点21,开水,2013/10/16 21:54:09,5.3,43.24
21578,POS消费,地点21,开水,2013/10/17 11:58:49,6.1,37.14
21578,POS消费,地点94,开水,2013/10/17 14:53:27,0.01,37.13
21578,POS消费,地点21,开水,2013/10/17 17:17:43,4.6,32.53
21578,POS消费,地点21,开水,2013/10/17 17:18:36,2.5,30.03
21578,POS消费,地点21,开水,2013/10/17 17:44:11,2.8,27.23
21578,POS消费,地点21,开水,2013/10/17 21:16:21,2.8,24.43
21578,POS消费,地点21,开水,2013/10/18 07:08:30,2.6,21.83
21578,POS消费,地点21,开水,2013/10/18 11:35:20,5.6,16.23
21578,POS消费,地点91,校车,2013/10/18 11:35:49,5.0,11.23
21578,卡充值,,,2013/10/18 15:32:18,200.0,211.23
21578,POS消费,地点21,开水,2013/10/18 17:28:59,10.6,200.63
21578,POS消费,地点21,开水,2013/10/18 17:29:54,3.6,197.03
21578,POS消费,地点21,开水,2013/10/18 21:01:40,10.7,186.33
21578,POS消费,地点94,开水,2013/10/20 15:19:44,0.01,186.32
21578,POS消费,地点21,开水,2013/10/20 17:23:17,5.6,180.72
21578,POS消费,地点21,开水,2013/10/20 17:23:41,2.0,178.72
21578,POS消费,地点21,开水,2013/10/21 07:00:25,2.6,176.12
21578,POS消费,地点21,开水,2013/10/21 11:59:16,5.6,170.52
21578,POS消费,地点21,开水,2013/10/21 17:30:37,5.6,164.92
21578,POS消费,地点21,开水,2013/10/21 17:31:07,2.0,162.92
21578,POS消费,地点94,开水,2013/10/21 21:34:26,0.01,162.91
21578,POS消费,地点21,开水,2013/10/22 11:57:50,4.6,158.31
21578,POS消费,地点21,开水,2013/10/22 11:58:30,2.5,155.81
21578,POS消费,地点94,开水,2013/10/22 15:08:29,0.01,155.8
21578,POS消费,地点94,开水,2013/10/22 15:34:01,0.01,155.79
21578,POS消费,地点91,校车,2013/10/22 17:25:37,8.0,147.79
21578,POS消费,地点91,校车,2013/10/22 17:28:37,0.6,147.19
21578,POS消费,地点21,开水,2013/10/23 06:51:58,2.6,144.59
21578,POS消费,地点21,开水,2013/10/23 11:59:28,4.6,139.99
21578,POS消费,地点21,开水,2013/10/23 12:01:19,3.0,136.99
21578,POS消费,地点21,开水,2013/10/23 12:24:47,4.0,132.99
21578,POS消费,地点21,开水,2013/10/23 17:53:39,5.6,127.39
21578,POS消费,地点21,开水,2013/10/23 21:16:22,7.5,119.89
21578,POS消费,地点21,开水,2013/10/24 11:54:34,4.6,115.29
21578,POS消费,地点21,开水,2013/10/24 11:55:03,3.0,112.29
21578,POS消费,地点94,开水,2013/10/24 14:32:22,0.01,112.28
21578,POS消费,地点21,开水,2013/10/24 17:35:27,4.6,107.68
21578,POS消费,地点21,开水,2013/10/24 17:35:48,2.0,105.68
21578,POS消费,地点21,开水,2013/10/24 22:14:28,4.0,101.68
21578,POS消费,地点21,开水,2013/10/25 06:59:14,2.6,99.08
21578,POS消费,地点232,食堂,2013/10/25 11:47:00,10.6,88.48
21578,POS消费,地点21,开水,2013/10/27 14:27:08,2.5,85.98
21578,POS消费,地点21,开水,2013/10/27 17:28:32,5.6,80.38
21578,POS消费,地点94,开水,2013/10/27 18:11:45,0.01,80.37
21578,POS消费,地点94,开水,2013/10/27 22:08:08,0.01,80.36
21578,POS消费,地点21,开水,2013/10/28 07:02:20,2.0,78.36
21578,POS消费,地点21,开水,2013/10/28 12:07:10,8.6,69.76
21578,POS消费,地点21,开水,2013/10/28 12:16:58,2.5,67.26
21578,POS消费,地点94,开水,2013/10/28 16:28:57,0.01,67.25
21578,POS消费,地点91,校车,2013/10/28 17:27:17,6.0,61.25
21578,POS消费,地点94,开水,2013/10/28 22:59:21,0.01,61.24
21578,POS消费,地点21,开水,2013/10/29 07:01:16,5.23,56.01
21578,POS消费,地点21,开水,2013/10/29 11:35:04,5.6,50.41
21578,POS消费,地点21,开水,2013/10/29 11:36:06,4.0,46.41
21578,POS消费,地点21,开水,2013/10/29 11:48:32,1.0,45.41
21578,POS消费,地点94,开水,2013/10/29 14:46:51,0.01,45.4
21578,POS消费,地点21,开水,2013/10/29 18:01:28,5.6,39.8
21578,POS消费,地点21,开水,2013/10/29 18:15:01,2.5,37.3
21578,POS消费,地点21,开水,2013/10/30 11:47:05,4.6,32.7
21578,POS消费,地点21,开水,2013/10/30 11:47:28,4.0,28.7
21578,POS消费,地点21,开水,2013/10/30 17:58:57,4.1,24.6
21578,POS消费,地点21,开水,2013/10/30 18:08:27,2.9,21.7
21578,POS消费,地点21,开水,2013/10/31 06:59:57,2.6,19.1
21578,POS消费,地点232,食堂,2013/10/31 11:56:47,5.6,13.5
21578,POS消费,地点21,开水,2013/10/31 11:59:25,4.0,9.5
21578,卡充值,,,2013/10/31 15:18:24,100.0,109.5
21578,POS消费,地点21,开水,2013/10/31 15:20:50,7.4,102.1
21578,POS消费,地点94,开水,2013/10/31 16:54:18,0.01,102.09
21578,POS消费,地点21,开水,2013/10/31 17:43:16,5.6,96.49
21578,POS消费,地点21,开水,2013/11/01 07:07:33,3.83,92.66
21578,POS消费,地点6,淋浴,2013/11/01 12:09:47,7.6,85.06
21578,POS消费,地点91,校车,2013/11/01 18:00:02,17.0,68.06
21578,POS消费,地点21,开水,2013/11/01 18:18:31,11.6,56.46
21578,卡充值,,,2013/11/03 15:54:33,100.0,156.46
21578,POS消费,地点21,开水,2013/11/03 17:36:11,4.6,151.86
21578,POS消费,地点21,开水,2013/11/03 21:51:34,4.8,147.06
21578,POS消费,地点21,开水,2013/11/04 11:58:23,4.6,142.46
21578,POS消费,地点21,开水,2013/11/04 12:01:43,4.0,138.46
21578,POS消费,地点21,开水,2013/11/04 17:21:43,4.6,133.86
21578,POS消费,地点21,开水,2013/11/04 17:22:06,2.0,131.86
21578,POS消费,地点21,开水,2013/11/04 21:45:00,2.5,129.36
21578,POS消费,地点21,开水,2013/11/05 07:03:55,2.6,126.76
21578,POS消费,地点21,开水,2013/11/05 11:30:14,5.6,121.16
21578,POS消费,地点21,开水,2013/11/05 11:30:33,4.0,117.16
21578,POS消费,地点94,开水,2013/11/05 15:07:36,0.01,117.15
21578,POS消费,地点21,开水,2013/11/05 17:55:38,3.1,114.05
21578,POS消费,地点21,开水,2013/11/05 21:48:41,2.5,111.55
21578,POS消费,地点21,开水,2013/11/06 07:06:32,4.33,107.22
21578,POS消费,地点21,开水,2013/11/06 11:55:09,3.1,104.12
21578,POS消费,地点21,开水,2013/11/06 11:57:14,4.0,100.12
21578,POS消费,地点21,开水,2013/11/06 17:38:18,4.6,95.52
21578,POS消费,地点21,开水,2013/11/06 17:39:18,2.0,93.52
21578,POS消费,地点21,开水,2013/11/06 21:49:47,2.8,90.72
21578,POS消费,地点21,开水,2013/11/07 07:07:23,3.53,87.19
21578,POS消费,地点21,开水,2013/11/07 11:51:43,5.6,81.59
21578,POS消费,地点21,开水,2013/11/07 11:52:19,3.5,78.09
21578,POS消费,地点94,开水,2013/11/07 14:48:53,0.01,78.08
21578,POS消费,地点94,开水,2013/11/07 14:49:07,0.01,78.07
21578,POS消费,地点232,食堂,2013/11/07 17:56:46,8.0,70.07
21578,POS消费,地点21,开水,2013/11/07 21:24:14,2.5,67.57
21578,POS消费,地点232,食堂,2013/11/08 11:24:20,8.0,59.57
21578,POS消费,地点21,开水,2013/11/08 18:03:57,4.6,54.97
21578,POS消费,地点21,开水,2013/11/08 21:20:21,7.0,47.97
21578,POS消费,地点1115,淋浴,2013/11/08 21:34:54,0.6,47.37
21578,POS消费,地点21,开水,2013/11/08 22:18:51,1.2,46.17
21578,POS消费,地点232,食堂,2013/11/09 11:38:32,8.0,38.17
21578,POS消费,地点21,开水,2013/11/09 17:40:45,5.6,32.57
21578,POS消费,地点21,开水,2013/11/09 17:52:54,3.2,29.37
21578,POS消费,地点21,开水,2013/11/09 20:22:46,1.3,28.07
21578,POS消费,地点232,食堂,2013/11/10 11:20:45,8.0,20.07
21578,POS消费,地点21,开水,2013/11/10 17:51:21,5.6,14.47
21578,POS消费,地点94,开水,2013/11/10 18:40:49,0.01,14.46
21578,POS消费,地点21,开水,2013/11/10 20:57:36,2.5,11.96
21578,POS消费,地点21,开水,2013/11/11 11:55:47,4.6,7.36
21578,卡充值,,,2013/11/11 12:17:17,100.0,107.36
21578,POS消费,地点232,食堂,2013/11/11 17:21:06,8.0,99.36
21578,POS消费,地点21,开水,2013/11/11 21:23:21,1.8,97.56
21578,POS消费,地点21,开水,2013/11/12 07:04:58,2.6,94.96
21578,POS消费,地点232,食堂,2013/11/12 11:29:31,9.0,85.96
21578,POS消费,地点94,开水,2013/11/12 15:00:01,0.01,85.95
21578,POS消费,地点21,开水,2013/11/12 17:55:14,4.1,81.85
21578,POS消费,地点21,开水,2013/11/12 21:21:19,2.4,79.45
21578,POS消费,地点21,开水,2013/11/13 07:05:09,4.33,75.12
21578,POS消费,地点21,开水,2013/11/13 11:46:48,4.1,71.02
21578,POS消费,地点21,开水,2013/11/13 11:48:26,4.0,67.02
21578,POS消费,地点6,淋浴,2013/11/13 17:29:18,7.66,59.36
21578,POS消费,地点21,开水,2013/11/13 21:09:15,2.3,57.06
21578,POS消费,地点232,食堂,2013/11/14 12:01:34,8.0,49.06
21578,POS消费,地点94,开水,2013/11/14 14:36:52,0.01,49.05
21578,POS消费,地点6,淋浴,2013/11/14 17:27:18,6.0,43.05
21578,POS消费,地点21,开水,2013/11/14 21:56:36,2.8,40.25
21578,POS消费,地点21,开水,2013/11/15 07:04:54,2.8,37.45
21578,POS消费,地点232,食堂,2013/11/15 12:07:03,8.0,29.45
21578,POS消费,地点21,开水,2013/11/18 11:58:39,5.6,23.85
21578,POS消费,地点21,开水,2013/11/18 11:59:53,3.5,20.35
21578,POS消费,地点232,食堂,2013/11/18 17:23:57,8.0,12.35
21578,POS消费,地点26,图书馆,2013/11/18 17:35:44,1.8,10.55
21578,卡充值,,,2013/11/18 17:46:23,100.0,110.55
21578,POS消费,地点21,开水,2013/11/18 21:11:15,5.7,104.85
21578,POS消费,地点94,开水,2013/11/18 22:32:03,0.01,104.84
21578,POS消费,地点21,开水,2013/11/19 07:03:18,3.33,101.51
21578,POS消费,地点6,淋浴,2013/11/19 11:45:47,8.6,92.91
21578,POS消费,地点94,开水,2013/11/19 14:37:21,0.01,92.9
21578,POS消费,地点21,开水,2013/11/19 17:55:07,4.6,88.3
21578,POS消费,地点21,开水,2013/11/19 21:13:10,2.8,85.5
21578,POS消费,地点94,开水,2013/11/19 22:39:40,0.01,85.49
21578,POS消费,地点21,开水,2013/11/20 07:07:56,2.8,82.69
21578,POS消费,地点21,开水,2013/11/20 11:44:34,4.6,78.09
21578,POS消费,地点21,开水,2013/11/20 11:45:27,3.0,75.09
21578,POS消费,地点21,开水,2013/11/20 17:51:00,5.6,69.49
21578,POS消费,地点21,开水,2013/11/21 07:07:27,3.83,65.66
21578,POS消费,地点6,淋浴,2013/11/21 11:59:21,8.6,57.06
21578,POS消费,地点94,开水,2013/11/21 14:52:20,0.01,57.05
21578,POS消费,地点232,食堂,2013/11/21 17:19:33,8.0,49.05
21578,POS消费,地点21,开水,2013/11/21 21:13:24,5.9,43.15
21578,POS消费,地点26,图书馆,2013/11/22 11:23:46,3.6,39.55
21578,POS消费,地点26,图书馆,2013/11/22 11:24:27,3.6,35.95
21578,POS消费,地点21,开水,2013/11/22 16:46:43,9.6,26.35
21578,POS消费,地点21,开水,2013/11/24 17:25:30,4.6,21.75
21578,POS消费,地点21,开水,2013/11/25 07:05:38,3.83,17.92
21578,POS消费,地点21,开水,2013/11/25 11:58:53,3.1,14.82
21578,卡充值,,,2013/11/25 17:11:30,100.0,114.82
21578,POS消费,地点232,食堂,2013/11/25 17:13:22,8.0,106.82
21578,POS消费,地点21,开水,2013/11/25 20:48:51,2.8,104.02
21578,POS消费,地点21,开水,2013/11/26 11:22:25,5.6,98.42
21578,POS消费,地点94,开水,2013/11/26 14:41:07,0.01,98.41
21578,POS消费,地点94,开水,2013/11/26 15:11:43,0.01,98.4
21578,POS消费,地点21,开水,2013/11/26 17:56:21,4.1,94.3
21578,POS消费,地点21,开水,2013/11/26 22:08:47,3.1,91.2
21578,POS消费,地点21,开水,2013/11/27 11:21:41,5.6,85.6
21578,POS消费,地点21,开水,2013/11/27 17:55:04,4.6,81.0
21578,POS消费,地点21,开水,2013/11/27 17:56:04,3.0,78.0
21578,POS消费,地点21,开水,2013/11/27 21:18:10,3.0,75.0
21578,POS消费,地点94,开水,2013/11/27 22:28:56,0.01,74.99
21578,POS消费,地点232,食堂,2013/11/28 11:54:09,6.0,68.99
21578,POS消费,地点94,开水,2013/11/28 18:08:46,0.01,68.98
21578,POS消费,地点6,淋浴,2013/11/29 11:43:04,8.6,60.38
21578,POS消费,地点6,淋浴,2013/11/29 17:02:31,8.6,51.78
21578,POS消费,地点26,图书馆,2013/11/29 17:05:20,3.6,48.18
21578,POS消费,地点21,开水,2013/11/30 12:10:48,3.1,45.08
21578,POS消费,地点1127,淋浴,2013/11/30 14:21:54,0.9,44.18
21578,POS消费,地点232,食堂,2013/11/30 17:19:09,6.0,38.18
21578,POS消费,地点91,校车,2013/11/30 17:19:18,5.0,33.18
21578,POS消费,地点21,开水,2013/11/30 20:11:19,3.0,30.18
21578,POS消费,地点232,食堂,2013/12/01 12:01:29,8.0,22.18
21578,POS消费,地点6,淋浴,2013/12/01 17:15:31,6.0,16.18
21578,POS消费,地点94,开水,2013/12/01 22:07:45,0.01,16.17
21578,POS消费,地点232,食堂,2013/12/02 11:56:49,6.0,10.17
21578,卡充值,,,2013/12/02 17:11:59,100.0,110.17
21578,POS消费,地点232,食堂,2013/12/02 17:13:54,8.0,102.17
21578,POS消费,地点21,开水,2013/12/02 21:33:52,3.0,99.17
21578,POS消费,地点94,开水,2013/12/02 21:53:56,0.01,99.16
21578,POS消费,地点21,开水,2013/12/03 07:06:07,3.83,95.33
21578,POS消费,地点94,开水,2013/12/03 10:31:50,0.01,95.32
21578,POS消费,地点21,开水,2013/12/03 10:45:31,4.6,90.72
21578,POS消费,地点232,食堂,2013/12/03 17:56:08,6.0,84.72
21578,POS消费,地点21,开水,2013/12/03 20:53:52,7.7,77.02
21578,POS消费,地点94,开水,2013/12/03 22:36:02,0.01,77.01
21578,POS消费,地点94,开水,2013/12/03 22:38:29,0.01,77.0
21578,POS消费,地点91,校车,2013/12/04 11:52:03,6.0,71.0
21578,POS消费,地点21,开水,2013/12/04 18:07:16,4.6,66.4
21578,POS消费,地点21,开水,2013/12/04 21:56:06,7.7,58.7
21578,POS消费,地点91,校车,2013/12/05 12:05:29,5.6,53.1
21578,POS消费,地点94,开水,2013/12/05 12:43:04,0.01,53.09
21578,POS消费,地点232,食堂,2013/12/05 17:16:34,8.0,45.09
21578,POS消费,地点21,开水,2013/12/05 21:47:06,3.0,42.09
21578,POS消费,地点94,开水,2013/12/05 22:19:38,0.01,42.08
21578,POS消费,地点21,开水,2013/12/06 12:11:52,5.6,36.48
21578,POS消费,地点21,开水,2013/12/06 12:13:30,4.0,32.48
21578,POS消费,地点21,开水,2013/12/06 18:03:48,5.6,26.88
21578,POS消费,地点21,开水,2013/12/06 20:55:01,14.5,12.38
21578,POS消费,地点21,开水,2013/12/06 20:56:13,5.8,6.58
21578,POS消费,地点21,开水,2013/12/08 16:58:05,2.6,3.98
21578,POS消费,地点94,开水,2013/12/08 22:18:13,0.01,3.97
21578,POS消费,地点94,开水,2013/12/08 22:18:18,0.01,3.96
21578,卡充值,,,2013/12/09 11:59:09,100.0,103.96
21578,POS消费,地点21,开水,2013/12/09 12:01:42,5.6,98.36
21578,POS消费,地点232,食堂,2013/12/09 17:35:13,8.0,90.36
21578,POS消费,地点21,开水,2013/12/09 21:10:01,2.8,87.56
21578,POS消费,地点21,开水,2013/12/10 11:23:59,2.6,84.96
21578,POS消费,地点21,开水,2013/12/10 11:24:28,4.0,80.96
21578,POS消费,地点21,开水,2013/12/10 18:08:23,5.6,75.36
21578,POS消费,地点21,开水,2013/12/10 21:59:31,3.5,71.85
21578,POS消费,地点94,开水,2013/12/11 11:26:00,0.01,75.35
21578,POS消费,地点94,开水,2013/12/11 11:31:12,0.01,71.84
21578,POS消费,地点232,食堂,2013/12/11 11:45:36,6.0,65.84
21578,POS消费,地点26,图书馆,2013/12/11 18:16:49,6.0,59.84
21578,POS消费,地点21,开水,2013/12/11 21:58:30,2.9,56.94
21578,POS消费,地点94,开水,2013/12/11 22:44:57,0.01,56.93
21578,POS消费,地点232,食堂,2013/12/12 12:20:51,9.0,47.93
21578,POS消费,地点26,图书馆,2013/12/12 12:33:27,1.8,46.13
21578,POS消费,地点94,开水,2013/12/12 14:01:56,0.01,46.12
21578,POS消费,地点94,开水,2013/12/12 14:27:15,0.01,46.11
21578,POS消费,地点21,开水,2013/12/12 18:04:28,4.1,42.01
21578,POS消费,地点21,开水,2013/12/12 21:51:15,6.6,35.41
21578,POS消费,地点94,开水,2013/12/12 22:36:39,0.01,35.4
21578,POS消费,地点91,校车,2013/12/13 12:25:07,6.0,29.4
21578,POS消费,地点21,开水,2013/12/13 12:44:17,4.0,25.4
21578,POS消费,地点232,食堂,2013/12/13 18:21:04,8.0,17.4
21578,POS消费,地点21,开水,2013/12/13 21:28:54,4.4,13.0
21578,POS消费,地点94,开水,2013/12/13 22:26:07,0.01,12.99
21578,POS消费,地点21,开水,2013/12/15 22:09:09,2.7,10.29
21578,POS消费,地点94,开水,2013/12/15 22:22:39,0.01,10.28
21578,POS消费,地点91,校车,2013/12/16 11:56:49,6.0,4.28
21578,卡充值,,,2013/12/16 12:34:43,100.0,104.28
21578,POS消费,地点232,食堂,2013/12/16 17:46:02,6.0,98.28
21578,POS消费,地点21,开水,2013/12/16 21:57:37,2.5,95.78
21578,POS消费,地点94,开水,2013/12/16 22:31:51,0.01,95.77
21578,POS消费,地点21,开水,2013/12/17 12:13:08,3.1,92.67
21578,POS消费,地点21,开水,2013/12/17 12:13:54,4.0,88.67
21578,POS消费,地点94,开水,2013/12/17 16:52:06,0.01,88.66
21578,POS消费,地点21,开水,2013/12/17 17:16:17,5.0,83.66
21578,POS消费,地点21,开水,2013/12/17 21:54:51,4.0,79.66
21578,POS消费,地点94,开水,2013/12/17 22:21:09,0.01,79.65
21578,POS消费,地点232,食堂,2013/12/18 11:50:32,6.0,73.65
21578,POS消费,地点21,开水,2013/12/18 17:58:11,5.6,68.05
21578,POS消费,地点21,开水,2013/12/18 21:55:22,2.5,65.55
21578,POS消费,地点21,开水,2013/12/19 07:05:12,2.63,62.92
21578,POS消费,地点232,食堂,2013/12/19 11:51:03,6.0,56.92
21578,POS消费,地点94,开水,2013/12/19 16:23:51,0.01,56.91
21578,POS消费,地点232,食堂,2013/12/19 16:44:04,8.0,48.91
21578,POS消费,地点21,开水,2013/12/19 21:39:32,5.8,43.11
21578,POS消费,地点94,开水,2013/12/19 22:21:31,0.01,43.1
21578,POS消费,地点232,食堂,2013/12/20 11:52:40,6.0,37.1
21578,POS消费,地点21,开水,2013/12/20 12:13:21,9.2,27.9
21578,POS消费,地点21,开水,2013/12/20 16:08:14,4.0,23.9
21578,POS消费,地点91,校车,2013/12/20 18:08:41,5.0,18.9
21578,POS消费,地点1127,淋浴,2013/12/21 14:34:15,0.9,18.0
21578,POS消费,地点21,开水,2013/12/21 15:21:49,12.9,5.1
21578,卡充值,,,2013/12/21 16:25:34,120.0,125.1
21578,POS消费,地点21,开水,2013/12/21 18:05:16,8.6,116.5
21578,POS消费,地点21,开水,2013/12/21 20:48:37,6.5,110.0
21578,POS消费,地点94,开水,2013/12/22 09:39:13,0.01,109.99
21578,POS消费,地点21,开水,2013/12/22 11:14:03,2.6,107.39
21578,POS消费,地点94,开水,2013/12/22 15:17:12,0.01,107.38
21578,POS消费,地点94,开水,2013/12/22 15:29:42,0.01,107.37
21578,POS消费,地点21,开水,2013/12/22 17:24:25,5.6,101.77
21578,POS消费,地点21,开水,2013/12/22 17:30:21,1.0,100.77
21578,POS消费,地点21,开水,2013/12/22 21:16:16,3.7,97.07
21578,POS消费,地点94,开水,2013/12/22 21:44:39,0.01,97.06
21578,POS消费,地点21,开水,2013/12/23 07:58:01,1.6,95.46
21578,POS消费,地点232,食堂,2013/12/23 11:56:03,6.0,89.46
21578,POS消费,地点232,食堂,2013/12/23 17:46:53,6.0,83.46
21578,POS消费,地点21,开水,2013/12/23 21:39:02,1.3,82.16
21578,POS消费,地点94,开水,2013/12/23 22:36:39,0.01,82.15
21578,POS消费,地点94,开水,2013/12/24 08:41:08,0.01,82.14
21578,POS消费,地点232,食堂,2013/12/24 11:57:30,6.0,76.14
21578,POS消费,地点21,开水,2013/12/24 12:21:43,5.1,71.04
21578,POS消费,地点232,食堂,2013/12/24 17:46:02,6.0,65.04
21578,POS消费,地点21,开水,2013/12/24 21:23:35,4.9,60.14
21578,POS消费,地点94,开水,2013/12/24 22:31:42,0.01,60.13
21578,POS消费,地点232,食堂,2013/12/25 11:54:06,6.0,54.13
21578,POS消费,地点232,食堂,2013/12/25 17:02:51,8.0,46.13
21578,POS消费,地点21,开水,2013/12/25 22:06:44,3.7,42.43
21578,POS消费,地点94,开水,2013/12/25 22:32:45,0.01,42.42
21578,POS消费,地点94,开水,2013/12/25 22:36:58,0.01,42.41
21578,POS消费,地点21,开水,2013/12/26 07:57:09,3.03,39.38
21578,POS消费,地点21,开水,2013/12/26 07:57:24,0.8,38.58
21578,POS消费,地点21,开水,2013/12/26 11:48:06,5.6,32.98
21578,POS消费,地点21,开水,2013/12/26 17:39:45,4.6,28.38
21578,POS消费,地点21,开水,2013/12/26 17:40:04,2.0,26.38
21578,POS消费,地点94,开水,2013/12/26 17:57:39,0.01,26.37
21578,POS消费,地点21,开水,2013/12/26 22:12:02,2.7,23.67
21578,POS消费,地点94,开水,2013/12/26 22:57:37,0.01,23.66
21578,POS消费,地点232,食堂,2013/12/27 11:29:59,10.0,13.66
21578,POS消费,地点91,校车,2013/12/29 16:58:20,5.0,8.66
21578,POS消费,地点94,开水,2013/12/29 22:42:47,0.01,8.65
21578,POS消费,地点94,开水,2013/12/30 07:54:45,0.01,8.64
21578,POS消费,地点232,食堂,2013/12/30 11:21:10,6.0,2.64
21578,POS消费,地点21,开水,2013/12/30 12:49:59,2.3,0.34
21578,POS消费,地点94,开水,2013/12/30 14:27:29,0.01,0.33
21578,卡充值,,,2013/12/30 14:33:18,100.0,100.33
21578,POS消费,地点232,食堂,2013/12/30 17:41:25,6.0,94.33
21578,POS消费,地点94,开水,2013/12/30 21:57:42,0.01,94.32
21578,POS消费,地点94,开水,2013/12/30 22:38:10,0.01,94.31
21578,POS消费,地点21,开水,2013/12/31 08:05:05,2.6,91.71
21578,POS消费,地点232,食堂,2013/12/31 11:56:12,6.0,85.71
21578,POS消费,地点21,开水,2013/12/31 18:06:24,5.6,80.11
21578,POS消费,地点21,开水,2013/12/31 18:06:51,2.0,78.11
21578,POS消费,地点94,开水,2013/12/31 18:41:53,0.01,78.1
21578,POS消费,地点94,开水,2013/12/31 18:58:04,0.01,78.09
21578,POS消费,地点21,开水,2013/12/31 20:40:10,7.4,70.69
21578,POS消费,地点94,开水,2014/01/01 09:32:57,0.01,70.68
21578,POS消费,地点21,开水,2014/01/01 11:44:18,4.6,66.08
21578,POS消费,地点21,开水,2014/01/01 11:44:36,4.0,62.08
21578,POS消费,地点248,超市,2014/01/01 11:58:57,6.7,55.38
21578,POS消费,地点21,开水,2014/01/01 18:06:32,6.5,48.88
21578,POS消费,地点94,开水,2014/01/01 22:11:35,0.01,48.87
21578,POS消费,地点91,校车,2014/01/02 10:48:09,8.0,40.87
21578,POS消费,地点94,开水,2014/01/02 14:28:45,0.01,40.86
21578,POS消费,地点232,食堂,2014/01/02 17:40:28,6.0,34.86
21578,POS消费,地点94,开水,2014/01/02 22:19:20,0.01,34.85
21578,POS消费,地点21,开水,2014/01/03 11:52:12,5.6,29.25
21578,POS消费,地点21,开水,2014/01/03 11:52:41,2.0,27.25
21578,POS消费,地点232,食堂,2014/01/03 16:53:27,8.0,19.25
21578,POS消费,地点21,开水,2014/01/03 21:57:25,5.8,13.45
21578,POS消费,地点94,开水,2014/01/03 22:49:34,0.01,13.44
21578,POS消费,地点94,开水,2014/01/04 08:36:06,0.01,13.43
21578,POS消费,地点21,开水,2014/01/04 12:02:31,5.6,7.83
21578,卡充值,,,2014/01/04 12:17:19,100.0,107.83
21578,POS消费,地点21,开水,2014/01/04 17:16:14,2.6,105.23
21578,POS消费,地点21,开水,2014/01/05 11:31:47,2.6,102.63
21578,POS消费,地点21,开水,2014/01/05 11:32:15,2.0,100.63
21578,POS消费,地点21,开水,2014/01/05 17:30:34,0.65,99.98
21578,POS消费,地点232,食堂,2014/01/05 17:30:43,6.0,93.98
21578,POS消费,地点91,校车,2014/01/05 17:31:20,1.2,92.78
21578,POS消费,地点21,开水,2014/01/05 20:40:59,5.0,87.78
21578,POS消费,地点94,开水,2014/01/05 21:34:14,0.01,87.77
21578,POS消费,地点94,开水,2014/01/05 21:39:42,0.01,87.76
21578,POS消费,地点21,开水,2014/01/06 08:31:56,2.4,85.36
21578,POS消费,地点21,开水,2014/01/06 11:41:11,5.6,79.76
21578,POS消费,地点232,食堂,2014/01/06 17:13:07,6.0,73.76
21578,POS消费,地点21,开水,2014/01/06 20:41:34,2.5,71.26
21578,POS消费,地点94,开水,2014/01/06 22:04:45,0.01,71.25
21578,POS消费,地点94,开水,2014/01/07 08:32:22,0.01,71.24
21578,POS消费,地点21,开水,2014/01/07 08:45:43,0.8,70.44
21578,POS消费,地点21,开水,2014/01/07 08:45:48,0.8,69.64
21578,POS消费,地点6,淋浴,2014/01/07 11:38:03,8.6,61.04
21578,POS消费,地点21,开水,2014/01/07 17:31:49,0.65,60.39
21578,POS消费,地点232,食堂,2014/01/07 17:32:52,6.0,54.39
21578,POS消费,地点91,校车,2014/01/07 17:33:14,2.5,51.89
21578,POS消费,地点21,开水,2014/01/07 21:37:50,1.2,50.69
21578,POS消费,地点94,开水,2014/01/07 22:21:54,0.01,50.68
21578,POS消费,地点21,开水,2014/01/08 11:34:26,4.6,46.08
21578,POS消费,地点21,开水,2014/01/08 11:34:54,4.0,42.08
21578,POS消费,地点21,开水,2014/01/08 11:44:20,1.0,41.08
21578,POS消费,地点21,开水,2014/01/08 22:03:43,5.5,35.58
21578,POS消费,地点94,开水,2014/01/08 23:13:35,0.01,35.57
21578,POS消费,地点94,开水,2014/01/09 08:57:34,0.01,35.56
21578,POS消费,地点91,校车,2014/01/09 11:35:28,5.0,30.56
21578,POS消费,地点21,开水,2014/01/09 11:50:11,1.0,29.56
21578,POS消费,地点232,食堂,2014/01/09 17:29:44,6.0,23.56
21578,POS消费,地点21,开水,2014/01/09 20:11:16,4.0,19.56
21578,POS消费,地点1127,淋浴,2014/01/09 20:35:45,1.5,18.06
21578,POS消费,地点21,开水,2014/01/10 08:52:31,2.8,15.26
21578,POS消费,地点232,食堂,2014/01/10 11:11:02,8.0,7.26
21578,POS消费,地点21,开水,2014/01/10 12:45:44,2.3,4.96
21578,POS消费,地点21,开水,2014/01/10 20:51:26,3.2,1.76
21578,POS消费,地点94,开水,2014/01/11 10:59:05,0.01,1.75
21578,卡充值,,,2014/01/11 11:38:54,100.0,101.75
21578,POS消费,地点21,开水,2014/01/11 11:40:58,2.6,99.15
21578,POS消费,地点21,开水,2014/01/11 11:46:44,2.9,96.25
21578,POS消费,地点232,食堂,2014/01/11 18:14:26,8.0,88.25
21578,POS消费,地点21,开水,2014/01/11 21:11:11,6.0,82.25
21578,POS消费,地点94,开水,2014/01/12 08:23:26,0.01,82.24
21578,POS消费,地点6,淋浴,2014/01/12 11:32:56,8.6,73.64
21578,POS消费,地点91,校车,2014/01/12 11:34:26,8.0,65.64
21578,POS消费,地点21,开水,2014/01/12 21:00:15,5.8,59.84
21578,POS消费,地点94,开水,2014/01/12 21:38:13,0.01,59.83
21578,POS消费,地点94,开水,2014/01/13 08:04:45,0.01,59.82
21578,POS消费,地点91,校车,2014/01/13 11:39:01,9.0,50.82
21578,POS消费,地点21,开水,2014/01/13 17:43:50,0.65,50.17
21578,POS消费,地点232,食堂,2014/01/13 17:44:43,6.0,44.17
21578,POS消费,地点91,校车,2014/01/13 17:45:30,5.0,39.17
21578,POS消费,地点21,开水,2014/01/13 20:22:23,5.5,33.67
21578,POS消费,地点94,开水,2014/01/13 22:18:03,0.01,33.66
21578,POS消费,地点94,开水,2014/01/14 08:09:36,0.01,33.65
21578,卡充值,,,2014/02/22 17:25:18,100.0,133.65
21578,POS消费,地点21,开水,2014/02/22 17:29:17,5.6,128.05
21578,POS消费,地点94,开水,2014/02/22 19:29:58,0.01,128.04
21578,POS消费,地点21,开水,2014/02/22 21:14:43,5.8,122.24
21578,POS消费,地点94,开水,2014/02/22 22:35:26,0.01,122.23
21578,POS消费,地点21,开水,2014/02/23 17:10:32,2.6,119.63
21578,POS消费,地点21,开水,2014/02/23 17:16:43,2.9,116.73
21578,POS消费,地点94,开水,2014/02/23 19:01:12,0.01,116.72
21578,POS消费,地点94,开水,2014/02/23 22:27:05,0.01,116.71
21578,POS消费,地点21,开水,2014/02/24 07:05:37,3.0,113.71
21578,POS消费,地点94,开水,2014/02/24 10:48:02,0.01,113.7
21578,POS消费,地点232,食堂,2014/02/24 11:18:56,8.0,105.7
21578,POS消费,地点21,开水,2014/02/24 17:59:47,4.6,101.1
21578,POS消费,地点21,开水,2014/02/24 20:52:54,4.3,96.8
21578,POS消费,地点94,开水,2014/02/24 22:09:08,0.01,96.79
21578,POS消费,地点232,食堂,2014/02/25 11:57:59,5.6,91.19
21578,POS消费,地点21,开水,2014/02/25 12:00:00,2.0,89.19
21578,POS消费,地点21,开水,2014/02/25 17:59:39,4.6,84.59
21578,POS消费,地点21,开水,2014/02/25 18:00:35,3.5,81.09
21578,POS消费,地点21,开水,2014/02/25 22:04:01,3.5,77.59
21578,POS消费,地点91,校车,2014/02/26 11:50:14,6.0,71.59
21578,POS消费,地点232,食堂,2014/02/26 17:27:35,8.0,63.59
21578,POS消费,地点21,开水,2014/02/26 20:38:28,7.4,56.19
21578,POS消费,地点94,开水,2014/02/26 20:47:17,0.01,56.18
21578,POS消费,地点94,开水,2014/02/26 22:03:42,0.01,56.17
21578,POS消费,地点94,开水,2014/02/27 06:57:11,0.01,56.16
21578,POS消费,地点91,校车,2014/02/27 11:56:07,9.0,47.16
21578,POS消费,地点21,开水,2014/02/27 17:11:42,5.6,41.56
21578,POS消费,地点21,开水,2014/02/27 17:13:00,1.5,40.06
21578,POS消费,地点232,食堂,2014/02/28 11:14:04,8.0,32.06
21578,POS消费,地点21,开水,2014/02/28 11:25:31,2.9,29.16
21578,POS消费,地点232,食堂,2014/02/28 17:29:24,9.0,20.16
21578,POS消费,地点26,图书馆,2014/02/28 17:37:55,3.6,16.56
21578,卡充值,,,2014/03/02 17:03:17,100.0,116.56
21578,POS消费,地点91,校车,2014/03/02 17:08:04,7.6,108.96
21578,POS消费,地点91,校车,2014/03/02 17:08:12,7.6,101.36
21578,POS消费,地点26,图书馆,2014/03/02 17:11:26,3.6,97.76
21578,POS消费,地点94,开水,2014/03/02 22:37:17,0.01,97.75
21578,POS消费,地点91,校车,2014/03/03 11:09:45,9.0,88.75
21578,POS消费,地点91,校车,2014/03/03 17:49:37,6.0,82.75
21578,POS消费,地点21,开水,2014/03/03 22:07:32,5.3,77.45
21578,POS消费,地点94,开水,2014/03/03 22:44:14,0.01,77.44
21578,POS消费,地点232,食堂,2014/03/04 11:56:02,8.0,69.44
21578,POS消费,地点26,图书馆,2014/03/04 11:59:08,3.6,65.84
21578,换卡,,,2014/03/04 13:08:04,0.0,0.0
21578,POS消费,地点21,开水,2014/03/04 18:01:04,5.6,60.24
21578,POS消费,地点21,开水,2014/03/04 18:01:51,1.5,58.74
21578,POS消费,地点21,开水,2014/03/04 22:08:01,2.5,56.24
21578,POS消费,地点94,开水,2014/03/04 22:45:18,0.01,56.23
21578,POS消费,地点21,开水,2014/03/05 07:11:14,2.6,53.63
21578,POS消费,地点91,校车,2014/03/05 12:06:07,8.0,45.63
21578,POS消费,地点91,校车,2014/03/05 17:10:58,11.0,34.63
21578,POS消费,地点94,开水,2014/03/05 23:20:51,0.01,34.62
21578,POS消费,地点94,开水,2014/03/06 08:58:28,0.01,34.61
21578,POS消费,地点21,开水,2014/03/06 11:55:03,5.6,29.01
21578,POS消费,地点21,开水,2014/03/06 11:56:00,1.5,27.51
21578,POS消费,地点91,校车,2014/03/06 17:41:30,6.0,21.51
21578,POS消费,地点94,开水,2014/03/06 22:57:21,0.01,21.5
21578,POS消费,地点94,开水,2014/03/07 06:58:38,0.01,21.49
21578,POS消费,地点21,开水,2014/03/07 07:12:24,3.3,18.19
21578,POS消费,地点232,食堂,2014/03/07 11:19:43,8.0,10.19
21578,POS消费,地点91,校车,2014/03/07 11:39:54,6.0,4.19
21578,POS消费,地点94,开水,2014/03/07 12:57:24,0.01,4.18
21578,卡充值,,,2014/03/07 16:10:46,100.0,104.18
21578,POS消费,地点6,淋浴,2014/03/07 17:36:53,6.0,98.18
21578,POS消费,地点94,开水,2014/03/07 22:10:56,0.01,98.17
21578,POS消费,地点94,开水,2014/03/08 08:09:04,0.01,98.16
21578,POS消费,地点21,开水,2014/03/08 08:57:05,2.6,95.56
21578,POS消费,地点21,开水,2014/03/08 17:22:22,5.6,89.96
21578,POS消费,地点21,开水,2014/03/08 17:32:20,4.0,85.96
21578,POS消费,地点1127,淋浴,2014/03/08 17:42:45,0.8,85.16
21578,POS消费,地点21,开水,2014/03/09 11:13:06,5.6,79.56
21578,POS消费,地点21,开水,2014/03/09 11:13:41,2.0,77.56
21578,POS消费,地点232,食堂,2014/03/09 17:10:06,8.0,69.56
21578,POS消费,地点21,开水,2014/03/09 22:35:59,5.6,63.96
21578,POS消费,地点94,开水,2014/03/09 22:51:51,0.01,63.95
21578,POS消费,地点21,开水,2014/03/10 07:09:21,3.3,60.65
21578,POS消费,地点6,淋浴,2014/03/10 11:24:06,8.6,52.05
21578,POS消费,地点94,开水,2014/03/10 12:09:58,0.01,52.04
21578,POS消费,地点232,食堂,2014/03/10 17:55:58,8.0,44.04
21578,POS消费,地点21,开水,2014/03/10 22:17:20,14.1,29.94
21578,POS消费,地点91,校车,2014/03/11 11:53:58,9.0,20.94
21578,POS消费,地点21,开水,2014/03/11 17:58:09,5.6,15.34
21578,卡充值,,,2014/03/11 18:03:40,50.0,65.34
21578,POS消费,地点21,开水,2014/03/11 18:05:42,1.0,64.34
21578,POS消费,地点94,开水,2014/03/11 22:57:57,0.01,64.33
21578,POS消费,地点94,开水,2014/03/12 06:56:10,0.01,64.32
21578,POS消费,地点232,食堂,2014/03/12 11:52:35,6.0,58.32
21578,POS消费,地点94,开水,2014/03/12 15:16:03,0.01,58.31
21578,POS消费,地点232,食堂,2014/03/12 17:58:59,8.0,50.31
21578,POS消费,地点21,开水,2014/03/12 18:16:01,2.9,47.41
21578,POS消费,地点21,开水,2014/03/12 21:31:04,6.6,40.81
21578,POS消费,地点94,开水,2014/03/12 23:17:40,0.01,40.8
21578,POS消费,地点91,校车,2014/03/13 11:58:23,9.0,31.8
21578,POS消费,地点21,开水,2014/03/13 21:16:13,2.8,29.0
21578,POS消费,地点94,开水,2014/03/13 21:22:52,0.01,28.99
21578,POS消费,地点232,食堂,2014/03/14 11:41:50,8.0,20.99
21578,POS消费,地点21,开水,2014/03/14 12:00:32,4.0,16.99
21578,POS消费,地点94,开水,2014/03/16 23:16:03,0.01,16.98
21578,卡充值,,,2014/03/17 11:20:32,100.0,116.98
21578,POS消费,地点91,校车,2014/03/17 11:22:51,9.0,107.98
21578,POS消费,地点21,开水,2014/03/17 11:35:00,1.0,106.98
21578,POS消费,地点6,淋浴,2014/03/17 17:59:11,6.0,100.98
21578,POS消费,地点21,开水,2014/03/17 22:14:08,5.0,95.98
21578,POS消费,地点94,开水,2014/03/17 22:51:27,0.01,95.97
21578,POS消费,地点94,开水,2014/03/18 06:54:29,0.01,95.96
21578,POS消费,地点21,开水,2014/03/18 07:11:37,2.6,93.36
21578,POS消费,地点232,食堂,2014/03/18 11:54:22,8.0,85.36
21578,POS消费,地点21,开水,2014/03/18 12:14:31,7.4,77.96
21578,POS消费,地点91,校车,2014/03/18 18:03:13,9.0,68.96
21578,POS消费,地点21,开水,2014/03/18 18:09:55,1.8,67.16
21578,POS消费,地点94,开水,2014/03/18 18:33:26,0.01,67.15
21578,POS消费,地点21,开水,2014/03/18 22:18:34,4.3,62.85
21578,POS消费,地点94,开水,2014/03/18 22:41:46,0.01,62.84
21578,POS消费,地点21,开水,2014/03/19 07:12:51,2.6,60.24
21578,POS消费,地点232,食堂,2014/03/19 11:53:53,6.0,54.24
21578,POS消费,地点91,校车,2014/03/19 17:55:03,6.0,48.24
21578,POS消费,地点21,开水,2014/03/19 21:19:35,7.2,41.04
21578,POS消费,地点94,开水,2014/03/19 22:49:00,0.01,41.03
21578,POS消费,地点21,开水,2014/03/20 07:12:00,2.8,38.23
21578,POS消费,地点91,校车,2014/03/20 11:58:17,9.0,29.23
21578,POS消费,地点232,食堂,2014/03/20 18:09:36,8.0,21.23
21578,POS消费,地点94,开水,2014/03/20 22:31:46,0.01,21.22
21578,POS消费,地点94,开水,2014/03/20 22:32:04,0.01,21.21
21578,POS消费,地点94,开水,2014/03/21 07:01:19,0.01,21.2
21578,POS消费,地点21,开水,2014/03/21 07:16:28,2.8,18.4
21578,POS消费,地点91,校车,2014/03/21 11:36:43,8.0,10.4
21578,POS消费,地点26,图书馆,2014/03/21 11:39:01,3.6,6.8
21578,卡充值,,,2014/03/21 17:40:25,100.0,106.8
21578,POS消费,地点21,开水,2014/03/21 22:07:58,5.2,101.6
21578,POS消费,地点94,开水,2014/03/21 22:45:38,0.01,101.59
21578,POS消费,地点94,开水,2014/03/22 09:28:04,0.01,101.58
21578,POS消费,地点94,开水,2014/03/22 09:50:10,0.01,101.57
21578,POS消费,地点232,食堂,2014/03/22 11:27:11,8.0,93.57
21578,POS消费,地点6,淋浴,2014/03/22 18:15:35,8.6,84.97
21578,POS消费,地点21,开水,2014/03/22 21:26:04,10.4,74.57
21578,POS消费,地点94,开水,2014/03/22 23:47:36,0.01,74.56
21578,POS消费,地点1127,淋浴,2014/03/23 09:06:10,0.1,74.46
21578,POS消费,地点1115,淋浴,2014/03/23 09:07:47,0.3,74.16
21578,POS消费,地点1127,淋浴,2014/03/23 09:10:49,0.2,73.96
21578,POS消费,地点94,开水,2014/03/23 09:22:07,0.01,73.95
21578,POS消费,地点91,校车,2014/03/23 17:23:14,9.0,64.95
21578,POS消费,地点21,开水,2014/03/23 21:05:14,3.9,61.05
21578,POS消费,地点94,开水,2014/03/23 22:46:17,0.01,61.04
21578,POS消费,地点21,开水,2014/03/24 06:52:41,1.8,59.24
21578,POS消费,地点21,开水,2014/03/24 10:48:07,4.9,54.34
21578,POS消费,地点232,食堂,2014/03/24 11:26:51,8.0,46.34
21578,POS消费,地点232,食堂,2014/03/24 11:28:08,5.0,41.34
21578,POS消费,地点6,淋浴,2014/03/24 17:58:46,6.0,35.34
21578,POS消费,地点21,开水,2014/03/24 21:45:40,4.0,31.34
21578,POS消费,地点94,开水,2014/03/24 22:50:35,0.01,31.33
21578,POS消费,地点21,开水,2014/03/25 06:51:31,2.6,28.73
21578,POS消费,地点91,校车,2014/03/25 11:53:38,9.0,19.73
21578,POS消费,地点232,食堂,2014/03/25 18:03:48,3.0,16.73
21578,POS消费,地点94,开水,2014/03/25 18:24:27,0.01,16.72
21578,POS消费,地点21,开水,2014/03/25 22:02:28,6.0,10.72
21578,POS消费,地点94,开水,2014/03/25 23:23:58,0.01,10.71
21578,POS消费,地点232,食堂,2014/03/26 11:54:42,6.0,4.71
21578,卡充值,,,2014/03/26 12:17:01,70.0,74.71
21578,POS消费,地点21,开水,2014/03/26 15:47:26,1.0,73.71
21578,POS消费,地点21,开水,2014/03/26 15:47:36,2.7,71.01
21578,POS消费,地点21,开水,2014/03/26 17:57:00,4.6,66.41
21578,POS消费,地点21,开水,2014/03/26 22:17:16,8.2,58.21
21578,POS消费,地点94,开水,2014/03/26 22:45:15,0.01,58.2
21578,POS消费,地点232,食堂,2014/03/27 11:54:33,8.0,50.2
21578,POS消费,地点232,食堂,2014/03/27 11:57:50,4.0,46.2
21578,POS消费,地点94,开水,2014/03/27 16:37:41,0.01,46.19
21578,POS消费,地点91,校车,2014/03/27 17:22:36,9.0,37.19
21578,POS消费,地点94,开水,2014/03/27 22:37:09,0.01,37.18
21578,POS消费,地点21,开水,2014/03/28 06:59:14,2.6,34.58
21578,POS消费,地点91,校车,2014/03/28 11:28:46,9.0,25.58
21578,POS消费,地点26,图书馆,2014/03/28 11:30:02,3.6,21.98
21578,POS消费,地点21,开水,2014/03/28 16:13:39,4.5,17.48
21578,POS消费,地点6,淋浴,2014/03/30 17:26:53,6.0,11.48
21578,POS消费,地点21,开水,2014/03/30 18:32:48,1.2,10.28
21578,POS消费,地点21,开水,2014/03/30 21:02:17,3.3,6.98
21578,POS消费,地点94,开水,2014/03/30 22:53:45,0.01,6.97
21578,POS消费,地点94,开水,2014/03/31 06:38:01,0.01,6.96
21578,POS消费,地点21,开水,2014/03/31 06:53:19,3.6,3.36
21578,卡充值,,,2014/03/31 10:57:02,150.0,153.36
21578,POS消费,地点21,开水,2014/03/31 10:59:52,12.7,140.66
21578,POS消费,地点232,食堂,2014/03/31 11:25:16,8.0,132.66
21578,POS消费,地点21,开水,2014/03/31 11:38:10,1.0,131.66
21578,POS消费,地点91,校车,2014/03/31 17:50:35,6.0,125.66
21578,POS消费,地点21,开水,2014/03/31 21:08:00,3.4,122.26
21578,POS消费,地点94,开水,2014/03/31 23:33:05,0.01,122.25
21578,POS消费,地点94,开水,2014/03/31 23:33:39,0.01,122.24
21578,POS消费,地点21,开水,2014/04/01 07:03:09,3.2,119.04
21578,POS消费,地点91,校车,2014/04/01 11:52:44,9.0,110.04
21578,POS消费,地点21,开水,2014/04/01 14:09:29,2.7,107.34
21578,POS消费,地点21,开水,2014/04/01 17:55:38,0.65,106.69
21578,POS消费,地点232,食堂,2014/04/01 17:56:38,6.0,100.69
21578,POS消费,地点21,开水,2014/04/01 22:12:33,5.6,95.09
21578,POS消费,地点94,开水,2014/04/01 23:07:52,0.01,95.08
21578,POS消费,地点21,开水,2014/04/02 06:52:06,3.6,91.48
21578,POS消费,地点21,开水,2014/04/02 11:49:11,7.1,84.38
21578,POS消费,地点94,开水,2014/04/02 15:01:31,0.01,84.37
21578,POS消费,地点21,开水,2014/04/02 17:59:07,4.6,79.77
21578,POS消费,地点21,开水,2014/04/02 18:04:48,1.0,78.77
21578,POS消费,地点21,开水,2014/04/02 21:28:07,2.7,76.07
21578,POS消费,地点21,开水,2014/04/02 22:03:25,4.9,71.17
21578,POS消费,地点94,开水,2014/04/02 23:20:28,0.01,71.16
21578,POS消费,地点91,校车,2014/04/03 11:57:41,8.0,63.16
21578,POS消费,地点21,开水,2014/04/03 12:09:04,4.0,59.16
21578,POS消费,地点94,开水,2014/04/03 14:09:39,0.01,59.15
21578,POS消费,地点91,校车,2014/04/03 17:16:06,6.0,53.15
21578,POS消费,地点21,开水,2014/04/03 20:55:03,5.4,47.75
21578,POS消费,地点94,开水,2014/04/04 00:07:54,0.01,47.74
21578,POS消费,地点232,食堂,2014/04/04 11:30:56,8.0,39.74
21578,POS消费,地点26,图书馆,2014/04/04 11:34:17,5.4,34.34
21578,卡充值,,,2014/04/04 16:10:51,40.0,74.34
21578,POS消费,地点21,开水,2014/04/04 16:16:50,3.0,71.34
21578,POS消费,地点21,开水,2014/04/04 22:25:27,8.8,62.54
21578,POS消费,地点1127,淋浴,2014/04/04 22:42:48,0.9,61.64
21578,POS消费,地点94,开水,2014/04/04 23:13:46,0.01,61.63
21578,POS消费,地点94,开水,2014/04/05 08:34:08,0.01,61.62
21578,POS消费,地点94,开水,2014/04/05 08:48:53,0.01,61.61
21578,POS消费,地点21,开水,2014/04/05 09:09:24,1.6,60.01
21578,POS消费,地点21,开水,2014/04/05 09:09:41,3.0,57.01
21578,POS消费,地点187,校车,2014/04/07 13:59:23,4.0,53.01
21578,POS消费,地点21,开水,2014/04/07 14:02:39,4.7,48.31
21578,POS消费,地点21,开水,2014/04/07 17:58:55,2.6,45.71
21578,POS消费,地点21,开水,2014/04/07 21:03:14,10.4,35.31
21578,POS消费,地点21,开水,2014/04/07 21:39:43,2.8,32.51
21578,POS消费,地点232,食堂,2014/04/08 11:52:59,8.0,24.51
21578,卡充值,,,2014/04/08 17:56:14,100.0,124.51
21578,POS消费,地点21,开水,2014/04/08 18:00:07,0.65,123.86
21578,POS消费,地点232,食堂,2014/04/08 18:00:32,6.0,117.86
21578,POS消费,地点91,校车,2014/04/08 18:01:02,1.0,116.86
21578,POS消费,地点94,开水,2014/04/08 18:32:11,0.01,116.85
21578,POS消费,地点94,开水,2014/04/08 18:34:37,0.01,116.84
21578,POS消费,地点21,开水,2014/04/08 21:54:49,4.8,112.04
21578,POS消费,地点94,开水,2014/04/08 23:14:05,0.01,112.03
21578,POS消费,地点94,开水,2014/04/08 23:50:43,0.01,112.02
21578,POS消费,地点232,食堂,2014/04/09 11:55:52,6.0,106.02
21578,POS消费,地点21,开水,2014/04/09 12:19:34,5.6,100.42
21578,POS消费,地点6,淋浴,2014/04/09 17:59:09,8.6,91.82
21578,POS消费,地点21,开水,2014/04/09 22:01:58,3.4,88.42
21578,POS消费,地点21,开水,2014/04/09 22:23:51,3.5,84.92
21578,POS消费,地点94,开水,2014/04/09 23:12:08,0.01,84.91
21578,POS消费,地点91,校车,2014/04/10 11:57:31,8.0,76.91
21578,POS消费,地点21,开水,2014/04/10 14:11:19,1.2,75.71
21578,POS消费,地点12,文印中心,2014/04/10 18:07:18,8.0,67.71
21578,POS消费,地点94,开水,2014/04/10 19:31:58,0.01,67.7
21578,POS消费,地点21,开水,2014/04/10 22:11:01,5.5,62.2
21578,POS消费,地点94,开水,2014/04/10 23:29:30,0.01,62.19
21578,POS消费,地点94,开水,2014/04/10 23:31:45,0.01,62.18
21578,POS消费,地点21,开水,2014/04/11 07:05:30,2.3,59.88
21578,POS消费,地点91,校车,2014/04/11 11:34:34,8.0,51.88
21578,POS消费,地点232,食堂,2014/04/11 17:30:01,8.0,43.88
21578,POS消费,地点21,开水,2014/04/11 17:42:51,2.9,40.98
21578,POS消费,地点94,开水,2014/04/11 23:00:42,0.01,40.97
21578,POS消费,地点94,开水,2014/04/12 09:58:10,0.01,40.96
21578,POS消费,地点91,校车,2014/04/12 12:15:03,9.0,31.96
21578,POS消费,地点1127,淋浴,2014/04/12 15:54:05,0.5,31.46
21578,POS消费,地点1127,淋浴,2014/04/12 16:01:49,0.1,31.36
21578,POS消费,地点21,开水,2014/04/12 22:15:58,3.4,27.96
21578,POS消费,地点232,食堂,2014/04/13 17:22:54,8.0,19.96
21578,POS消费,地点21,开水,2014/04/13 17:37:57,1.0,18.96
21578,POS消费,地点21,开水,2014/04/13 21:07:57,7.3,11.66
21578,POS消费,地点94,开水,2014/04/13 22:00:21,0.01,11.65
21578,卡充值,,,2014/04/14 10:27:36,60.0,71.65
21578,POS消费,地点91,校车,2014/04/14 11:32:11,9.0,62.65
21578,POS消费,地点21,开水,2014/04/14 11:40:37,1.0,61.65
21578,POS消费,地点232,食堂,2014/04/14 17:52:43,6.0,55.65
21578,POS消费,地点21,开水,2014/04/14 21:28:16,4.0,51.65
21578,POS消费,地点94,开水,2014/04/14 21:36:49,0.01,51.64
21578,POS消费,地点94,开水,2014/04/14 22:48:06,0.01,51.63
21578,POS消费,地点94,开水,2014/04/15 06:33:56,0.01,51.62
21578,POS消费,地点21,开水,2014/04/15 07:00:46,2.6,49.02
21578,POS消费,地点91,校车,2014/04/15 11:54:05,10.0,39.02
21578,POS消费,地点21,开水,2014/04/15 14:11:18,1.2,37.82
21578,POS消费,地点21,开水,2014/04/15 17:58:45,5.6,32.22
21578,POS消费,地点21,开水,2014/04/15 22:11:32,2.8,29.42
21578,POS消费,地点91,校车,2014/04/16 11:50:20,10.0,19.42
21578,POS消费,地点21,开水,2014/04/16 15:41:00,1.2,18.21
21578,POS消费,地点21,开水,2014/04/16 17:58:07,4.6,13.61
21578,POS消费,地点21,开水,2014/04/16 21:53:50,5.0,8.61
21578,POS消费,地点94,开水,2014/04/17 09:46:23,0.01,19.41
21578,POS消费,地点232,食堂,2014/04/17 11:55:13,8.0,0.61
21578,卡充值,,,2014/04/17 12:26:55,100.0,100.61
21578,POS消费,地点21,开水,2014/04/17 12:29:15,2.9,97.71
21578,POS消费,地点91,校车,2014/04/17 17:37:15,6.0,91.71
21578,POS消费,地点21,开水,2014/04/17 21:28:38,4.0,87.71
21578,POS消费,地点94,开水,2014/04/17 21:46:42,0.01,87.7
21578,POS消费,地点94,开水,2014/04/18 06:50:10,0.01,87.69
21578,POS消费,地点21,开水,2014/04/18 07:12:16,2.8,84.89
21578,POS消费,地点232,食堂,2014/04/18 11:17:02,8.0,76.89
21578,POS消费,地点26,图书馆,2014/04/18 11:18:04,3.0,73.89
21578,POS消费,地点21,开水,2014/04/18 12:28:56,5.0,68.89
21578,POS消费,地点6,淋浴,2014/04/18 17:31:14,6.0,62.89
21578,POS消费,地点21,开水,2014/04/18 17:47:06,1.0,61.89
21578,POS消费,地点21,开水,2014/04/20 18:59:31,6.9,54.99
21578,POS消费,地点94,开水,2014/04/20 19:05:46,0.01,54.98
21578,POS消费,地点94,开水,2014/04/20 23:31:54,0.01,54.97
21578,POS消费,地点21,开水,2014/04/21 07:12:20,2.3,52.67
21578,POS消费,地点91,校车,2014/04/21 11:17:45,9.0,43.67
21578,卡充值,,,2014/04/21 11:37:46,70.0,113.67
21578,POS消费,地点91,校车,2014/04/21 17:54:54,5.0,108.67
21578,POS消费,地点21,开水,2014/04/21 18:05:22,2.9,105.77
21578,POS消费,地点21,开水,2014/04/21 22:00:44,2.8,102.97
21578,POS消费,地点94,开水,2014/04/22 06:37:29,0.01,102.96
21578,POS消费,地点21,开水,2014/04/22 07:04:04,3.6,99.36
21578,POS消费,地点232,食堂,2014/04/22 11:30:18,8.0,91.36
21578,POS消费,地点232,食堂,2014/04/22 11:31:12,1.0,90.36
21578,POS消费,地点21,开水,2014/04/22 11:50:32,5.4,84.96
21578,POS消费,地点21,开水,2014/04/22 13:58:36,1.2,83.76
21578,POS消费,地点91,校车,2014/04/22 18:00:59,4.5,79.26
21578,POS消费,地点232,食堂,2014/04/22 18:01:51,9.0,70.26
21578,POS消费,地点94,开水,2014/04/22 23:23:14,0.01,70.25
21578,POS消费,地点21,开水,2014/04/23 07:08:12,2.6,67.65
21578,POS消费,地点91,校车,2014/04/23 11:48:40,5.0,62.65
21578,POS消费,地点94,开水,2014/04/23 14:56:42,0.01,62.64
21578,POS消费,地点91,校车,2014/04/23 17:58:51,9.0,53.64
21578,POS消费,地点94,开水,2014/04/23 23:11:46,0.01,53.63
21578,POS消费,地点94,开水,2014/04/24 06:44:50,0.01,53.62
21578,POS消费,地点21,开水,2014/04/24 07:06:02,2.8,50.82
21578,POS消费,地点232,食堂,2014/04/24 12:09:24,23.0,27.82
21578,POS消费,地点232,食堂,2014/04/24 12:09:30,16.0,11.82
21578,POS消费,地点21,开水,2014/04/24 13:18:08,1.2,10.62
21578,卡充值,,,2014/04/24 17:25:25,60.0,70.62
21578,POS消费,地点91,校车,2014/04/24 17:29:33,6.0,64.62
21578,POS消费,地点21,开水,2014/04/24 21:47:43,6.8,57.82
21578,POS消费,地点1127,淋浴,2014/04/24 21:53:38,0.4,57.42
21578,POS消费,地点21,开水,2014/04/25 11:16:25,3.3,54.12
21578,POS消费,地点232,食堂,2014/04/25 11:18:57,8.0,46.12
21578,POS消费,地点26,图书馆,2014/04/25 11:22:13,3.0,43.12
21578,POS消费,地点248,超市,2014/04/25 14:13:46,1.5,41.62
21578,POS消费,地点21,开水,2014/04/25 21:24:02,8.6,33.02
21578,POS消费,地点94,开水,2014/04/25 23:14:33,0.01,33.01
21578,POS消费,地点94,开水,2014/04/26 09:38:09,0.01,33.0
21578,POS消费,地点21,开水,2014/04/26 09:48:35,3.0,30.0
21578,POS消费,地点232,食堂,2014/04/26 11:45:42,8.0,22.0
21578,POS消费,地点21,开水,2014/04/26 13:51:01,3.7,18.3
21578,POS消费,地点91,校车,2014/04/26 17:29:25,5.0,13.3
21578,POS消费,地点21,开水,2014/04/26 21:21:01,4.3,9.0
21578,POS消费,地点94,开水,2014/04/26 22:52:41,0.01,8.99
21578,POS消费,地点94,开水,2014/04/27 08:11:27,0.01,8.98
21578,卡充值,,,2014/04/27 10:56:47,40.0,48.98
21578,POS消费,地点91,校车,2014/04/27 11:00:09,7.6,41.38
21578,POS消费,地点91,校车,2014/04/27 17:50:19,9.0,32.38
21578,POS消费,地点94,开水,2014/04/27 23:20:11,0.01,32.37
21578,POS消费,地点21,开水,2014/04/28 07:09:42,2.6,29.77
21578,POS消费,地点91,校车,2014/04/28 11:38:28,7.6,22.17
21578,POS消费,地点91,校车,2014/04/28 17:50:14,6.0,16.17
21578,POS消费,地点94,开水,2014/04/28 18:23:45,0.01,16.16
21578,POS消费,地点21,开水,2014/04/28 21:22:36,6.5,9.66
21578,POS消费,地点94,开水,2014/04/29 06:35:15,0.01,9.65
21578,POS消费,地点21,开水,2014/04/29 07:07:41,3.8,5.85
21578,卡充值,,,2014/04/29 11:20:26,100.0,105.85
21578,POS消费,地点91,校车,2014/04/29 11:24:10,7.6,98.25
21578,POS消费,地点232,食堂,2014/04/29 17:56:44,5.0,93.25
21578,POS消费,地点94,开水,2014/04/29 22:45:26,0.01,93.24
21578,POS消费,地点21,开水,2014/04/30 07:10:49,5.23,88.01
21578,POS消费,地点91,校车,2014/04/30 11:05:56,5.0,83.01
21578,POS消费,地点21,开水,2014/04/30 11:06:15,5.2,77.81
21578,POS消费,地点21,开水,2014/04/30 11:13:27,3.0,74.81
21578,POS消费,地点94,开水,2014/04/30 15:01:30,0.01,74.8
21578,POS消费,地点94,开水,2014/04/30 15:08:10,0.01,74.79
21578,POS消费,地点21,开水,2014/04/30 15:43:54,1.2,73.59
21578,POS消费,地点21,开水,2014/04/30 19:28:24,18.1,55.49
21578,POS消费,地点94,开水,2014/04/30 23:14:40,0.01,55.48
21578,POS消费,地点94,开水,2014/04/30 23:17:58,0.01,55.47
21578,POS消费,地点94,开水,2014/05/01 10:18:24,0.01,55.46
21578,POS消费,地点94,开水,2014/05/01 10:24:42,0.01,55.45
21578,POS消费,地点21,开水,2014/05/03 22:18:36,8.0,47.45
21578,POS消费,地点94,开水,2014/05/03 23:18:23,0.01,47.44
21578,POS消费,地点94,开水,2014/05/04 06:58:06,0.01,47.43
21578,POS消费,地点21,开水,2014/05/04 07:11:35,2.3,45.13
21578,POS消费,地点21,开水,2014/05/04 07:11:40,0.3,44.83
21578,POS消费,地点21,开水,2014/05/04 11:03:23,5.2,39.63
21578,POS消费,地点91,校车,2014/05/04 11:17:26,8.0,31.63
21578,POS消费,地点26,图书馆,2014/05/04 11:18:57,1.8,29.83
21578,POS消费,地点1127,淋浴,2014/05/04 16:53:39,0.2,29.63
21578,POS消费,地点1127,淋浴,2014/05/04 16:57:05,0.2,29.43
21578,POS消费,地点232,食堂,2014/05/04 17:47:06,8.0,21.43
21578,POS消费,地点21,开水,2014/05/04 21:42:57,4.1,17.33
21578,POS消费,地点94,开水,2014/05/04 22:18:24,0.01,17.32
21578,POS消费,地点91,校车,2014/05/05 11:33:36,7.6,9.72
21578,卡充值,,,2014/05/05 11:51:02,150.0,159.72
21578,POS消费,地点21,开水,2014/05/05 18:25:03,4.1,155.62
21578,POS消费,地点232,食堂,2014/05/05 18:27:30,9.3,146.32
21578,POS消费,地点21,开水,2014/05/05 18:27:43,1.8,144.52
21578,POS消费,地点21,开水,2014/05/05 18:27:53,3.3,141.22
21578,POS消费,地点248,超市,2014/05/05 18:38:31,1.4,139.82
21578,POS消费,地点21,开水,2014/05/05 22:10:54,6.0,133.82
21578,POS消费,地点94,开水,2014/05/05 23:07:19,0.01,133.81
21578,POS消费,地点94,开水,2014/05/06 06:40:06,0.01,133.8
21578,POS消费,地点21,开水,2014/05/06 07:08:11,2.6,131.2
21578,POS消费,地点91,校车,2014/05/06 11:23:51,8.0,123.2
21578,POS消费,地点21,开水,2014/05/06 11:32:46,1.0,122.2
21578,POS消费,地点21,开水,2014/05/06 17:56:55,3.6,118.6
21578,POS消费,地点248,超市,2014/05/06 18:13:12,1.4,117.2
21578,POS消费,地点21,开水,2014/05/06 22:13:40,2.8,114.4
21578,POS消费,地点94,开水,2014/05/06 23:21:15,0.01,114.39
21578,POS消费,地点91,校车,2014/05/07 11:55:10,10.0,104.39
21578,POS消费,地点94,开水,2014/05/07 14:57:20,0.01,104.38
21578,POS消费,地点21,开水,2014/05/07 18:00:59,3.6,100.78
21578,POS消费,地点21,开水,2014/05/07 22:01:05,5.1,95.68
21578,POS消费,地点1115,淋浴,2014/05/07 22:05:32,0.4,95.28
21578,POS消费,地点94,开水,2014/05/08 06:49:06,0.01,95.27
21578,POS消费,地点21,开水,2014/05/08 07:09:02,3.6,91.67
21578,POS消费,地点91,校车,2014/05/08 11:56:28,10.6,81.07
21578,POS消费,地点21,开水,2014/05/08 14:13:43,1.5,79.57
21578,POS消费,地点21,开水,2014/05/08 18:34:49,2.6,76.97
21578,POS消费,地点21,开水,2014/05/08 20:49:03,6.0,70.97
21578,POS消费,地点94,开水,2014/05/08 21:49:56,0.01,70.96
21578,POS消费,地点94,开水,2014/05/09 06:47:18,0.01,70.95
21578,POS消费,地点232,食堂,2014/05/09 10:50:46,8.0,62.95
21578,POS消费,地点21,开水,2014/05/09 11:03:59,4.0,58.95
21578,POS消费,地点94,开水,2014/05/10 10:21:14,0.01,58.94
21578,POS消费,地点91,校车,2014/05/10 12:04:51,8.0,50.94
21578,POS消费,地点21,开水,2014/05/10 12:14:42,1.0,49.94
21578,POS消费,地点91,校车,2014/05/10 18:05:03,7.6,42.34
21578,POS消费,地点21,开水,2014/05/10 22:01:23,6.6,35.74
21578,POS消费,地点1127,淋浴,2014/05/10 22:06:56,0.4,35.34
21578,POS消费,地点94,开水,2014/05/11 10:49:34,0.01,35.33
21578,POS消费,地点91,校车,2014/05/11 11:46:09,9.0,26.33
21578,POS消费,地点21,开水,2014/05/11 14:34:38,1.2,25.13
21578,POS消费,地点21,开水,2014/05/11 17:38:14,3.0,22.13
21578,POS消费,地点21,开水,2014/05/11 22:06:53,6.2,15.93
21578,POS消费,地点94,开水,2014/05/11 23:25:41,0.01,15.92
21578,卡充值,,,2014/05/12 11:29:57,100.0,115.92
21578,POS消费,地点232,食堂,2014/05/12 11:33:06,8.0,107.92
21578,POS消费,地点21,开水,2014/05/12 21:42:34,4.3,103.62
21578,POS消费,地点1115,淋浴,2014/05/12 21:48:26,0.5,103.12
21578,POS消费,地点1115,淋浴,2014/05/12 21:55:23,0.1,103.02
21578,POS消费,地点94,开水,2014/05/13 06:33:40,0.01,103.01
21578,POS消费,地点21,开水,2014/05/13 07:03:32,2.6,100.41
21578,POS消费,地点91,校车,2014/05/13 11:25:09,8.0,92.41
21578,POS消费,地点21,开水,2014/05/13 13:56:40,1.3,91.11
21578,POS消费,地点91,校车,2014/05/13 17:57:46,10.0,81.11
21578,POS消费,地点248,超市,2014/05/13 18:15:37,1.4,79.71
21578,POS消费,地点94,开水,2014/05/14 06:51:34,0.01,79.7
21578,POS消费,地点21,开水,2014/05/14 07:05:25,2.6,77.1
21578,POS消费,地点91,校车,2014/05/14 11:57:07,9.0,68.1
21578,POS消费,地点94,开水,2014/05/14 15:11:51,0.01,68.09
21578,POS消费,地点91,校车,2014/05/14 17:55:42,3.6,64.49
21578,POS消费,地点21,开水,2014/05/14 21:29:41,4.3,60.19
21578,POS消费,地点94,开水,2014/05/14 22:48:32,0.01,60.18
21578,POS消费,地点21,开水,2014/05/15 08:11:33,4.5,55.68
21578,POS消费,地点91,校车,2014/05/15 11:55:27,6.0,49.68
21578,POS消费,地点232,食堂,2014/05/15 17:31:19,8.0,41.68
21578,POS消费,地点21,开水,2014/05/15 21:29:39,6.5,35.18
21578,POS消费,地点91,校车,2014/05/16 11:29:30,8.0,27.18
21578,POS消费,地点26,图书馆,2014/05/16 11:30:43,3.6,23.58
21578,POS消费,地点21,开水,2014/05/16 16:11:49,2.7,20.88
21578,POS消费,地点1115,淋浴,2014/05/18 16:11:48,0.1,20.78
21578,POS消费,地点1115,淋浴,2014/05/18 16:12:21,0.6,20.18
21578,卡充值,,,2014/05/18 16:36:55,100.0,120.18
21578,POS消费,地点21,开水,2014/05/18 16:39:56,2.9,117.28
21578,POS消费,地点21,开水,2014/05/18 21:46:50,1.2,116.08
21578,POS消费,地点1115,淋浴,2014/05/18 21:54:49,0.5,115.58
21578,POS消费,地点21,开水,2014/05/19 07:07:44,2.6,112.98
21578,POS消费,地点21,开水,2014/05/19 10:28:37,4.9,108.08
21578,POS消费,地点91,校车,2014/05/19 11:23:22,8.0,100.08
21578,POS消费,地点21,开水,2014/05/19 12:57:07,1.2,98.88
21578,POS消费,地点91,校车,2014/05/19 17:55:57,10.0,88.88
21578,POS消费,地点21,开水,2014/05/19 22:28:36,2.3,86.58
21578,POS消费,地点94,开水,2014/05/20 06:36:28,0.01,86.57
21578,POS消费,地点232,食堂,2014/05/20 11:19:19,8.0,78.57
21578,POS消费,地点232,食堂,2014/05/20 17:56:39,3.0,75.57
21578,POS消费,地点248,超市,2014/05/20 18:20:40,2.5,73.07
21578,POS消费,地点21,开水,2014/05/20 21:59:58,1.2,71.87
21578,POS消费,地点94,开水,2014/05/20 23:00:28,0.01,71.86
21578,POS消费,地点91,校车,2014/05/21 11:52:21,6.0,65.86
21578,POS消费,地点21,开水,2014/05/21 15:16:47,2.6,63.26
21578,POS消费,地点21,开水,2014/05/21 22:03:41,2.3,60.96
21578,POS消费,地点1115,淋浴,2014/05/21 22:23:01,0.2,60.76
21578,POS消费,地点1115,淋浴,2014/05/21 22:26:21,0.5,60.26
21578,POS消费,地点94,开水,2014/05/22 06:39:42,0.01,60.25
21578,POS消费,地点21,开水,2014/05/22 07:10:41,2.6,57.65
21578,POS消费,地点232,食堂,2014/05/22 11:57:56,11.0,46.65
21578,POS消费,地点91,校车,2014/05/22 11:59:57,8.0,38.65
21578,POS消费,地点94,开水,2014/05/22 22:53:33,0.01,38.64
21578,POS消费,地点21,开水,2014/05/23 07:18:41,2.6,36.04
21578,POS消费,地点91,校车,2014/05/23 12:29:12,10.0,26.04
21578,POS消费,地点91,校车,2014/05/23 12:29:23,10.0,16.04
21578,POS消费,地点1127,淋浴,2014/05/23 21:46:44,0.6,15.44
21578,POS消费,地点21,开水,2014/05/23 22:10:52,3.0,12.44
21578,POS消费,地点94,开水,2014/05/24 09:27:53,0.01,12.43
21578,卡充值,,,2014/05/24 11:25:40,100.0,112.43
21578,POS消费,地点91,校车,2014/05/24 11:28:26,7.6,104.83
21578,POS消费,地点21,开水,2014/05/24 11:43:39,9.1,95.73
21578,POS消费,地点94,开水,2014/05/24 17:02:56,0.01,95.72
21578,POS消费,地点232,食堂,2014/05/24 17:07:27,8.0,87.72
21578,POS消费,地点232,食堂,2014/05/25 11:48:18,8.0,79.72
21578,POS消费,地点21,开水,2014/05/25 22:02:49,8.6,71.12
21578,POS消费,地点94,开水,2014/05/25 23:26:09,0.01,71.11
21578,POS消费,地点94,开水,2014/05/26 06:37:09,0.01,71.1
21578,POS消费,地点21,开水,2014/05/26 07:04:20,2.6,68.5
21578,POS消费,地点6,淋浴,2014/05/26 11:17:31,6.6,61.9
21578,POS消费,地点21,开水,2014/05/26 17:54:34,4.1,57.8
21578,POS消费,地点232,食堂,2014/05/26 17:57:57,3.0,54.8
21578,POS消费,地点21,开水,2014/05/26 21:42:43,3.3,51.5
21578,POS消费,地点1127,淋浴,2014/05/26 21:52:26,0.4,51.1
21578,POS消费,地点232,食堂,2014/05/27 11:22:03,8.0,43.1
21578,POS消费,地点94,开水,2014/05/27 15:18:10,0.01,43.09
21578,POS消费,地点21,开水,2014/05/27 17:56:39,4.6,38.49
21578,POS消费,地点248,超市,2014/05/27 18:14:19,2.0,36.49
21578,POS消费,地点21,开水,2014/05/27 22:26:11,5.5,30.99
21578,POS消费,地点94,开水,2014/05/28 06:54:41,0.01,30.98
21578,POS消费,地点232,食堂,2014/05/28 11:53:28,6.0,24.98
21578,POS消费,地点91,校车,2014/05/29 11:56:24,6.0,18.98
21578,POS消费,地点232,食堂,2014/05/29 17:25:00,8.0,10.98
21578,POS消费,地点1127,淋浴,2014/05/29 21:04:45,0.1,10.88
21578,POS消费,地点1127,淋浴,2014/05/29 21:05:30,0.4,10.48
21578,POS消费,地点21,开水,2014/05/29 21:21:23,4.0,6.48
21578,POS消费,地点21,开水,2014/05/29 21:21:32,4.8,1.68
21578,POS消费,地点94,开水,2014/05/30 07:07:10,0.01,1.67
21578,卡充值,,,2014/06/03 11:37:48,100.0,101.67
21578,POS消费,地点232,食堂,2014/06/03 11:40:09,8.0,93.67
21578,POS消费,地点21,开水,2014/06/03 15:07:10,2.5,91.17
21578,POS消费,地点21,开水,2014/06/03 17:57:35,4.6,86.57
21578,POS消费,地点248,超市,2014/06/03 18:13:28,1.5,85.07
21578,POS消费,地点21,开水,2014/06/03 21:43:35,20.3,64.77
21578,POS消费,地点94,开水,2014/06/03 23:13:28,0.01,64.76
21578,POS消费,地点94,开水,2014/06/04 06:43:18,0.01,64.75
21578,POS消费,地点21,开水,2014/06/04 07:20:49,2.6,62.15
21578,POS消费,地点21,开水,2014/06/04 07:21:08,1.8,60.35
21578,POS消费,地点91,校车,2014/06/04 11:59:14,8.0,52.35
21578,POS消费,地点21,开水,2014/06/04 12:10:00,5.0,47.35
21578,POS消费,地点91,校车,2014/06/04 17:55:17,5.0,42.35
21578,POS消费,地点21,开水,2014/06/04 22:17:31,2.5,39.85
21578,POS消费,地点1115,淋浴,2014/06/04 22:25:25,0.4,39.45
21578,POS消费,地点94,开水,2014/06/05 07:09:08,0.01,39.44
21578,POS消费,地点91,校车,2014/06/05 11:56:43,6.0,33.44
21578,POS消费,地点21,开水,2014/06/05 19:17:07,4.0,29.44
21578,POS消费,地点21,开水,2014/06/05 21:43:40,1.5,27.94
21578,POS消费,地点1127,淋浴,2014/06/05 21:56:12,0.6,27.34
21578,POS消费,地点94,开水,2014/06/06 07:09:13,0.01,27.33
21578,POS消费,地点94,开水,2014/06/06 11:09:19,0.01,27.32
21578,POS消费,地点232,食堂,2014/06/06 11:18:14,8.0,19.32
21578,POS消费,地点91,校车,2014/06/06 18:04:43,7.6,11.72
21578,POS消费,地点21,开水,2014/06/06 21:20:34,5.8,5.92
21578,卡充值,,,2014/06/07 12:18:13,100.0,105.92
21578,POS消费,地点232,食堂,2014/06/07 12:21:57,8.0,97.92
21578,POS消费,地点21,开水,2014/06/07 12:39:26,9.4,88.52
21578,POS消费,地点232,食堂,2014/06/08 12:21:49,8.0,80.52
21578,POS消费,地点1115,淋浴,2014/06/08 14:32:07,0.4,80.12
21578,POS消费,地点91,校车,2014/06/08 17:32:38,9.0,71.12
21578,POS消费,地点21,开水,2014/06/08 21:50:52,2.4,68.72
21578,POS消费,地点91,校车,2014/06/09 11:17:43,9.0,59.72
21578,POS消费,地点94,开水,2014/06/09 12:37:43,0.01,59.71
21578,POS消费,地点94,开水,2014/06/09 12:40:05,0.01,59.7
21578,POS消费,地点91,校车,2014/06/09 17:49:11,5.0,54.7
21578,POS消费,地点21,开水,2014/06/09 21:25:16,2.8,51.9
21578,POS消费,地点94,开水,2014/06/10 06:42:17,0.01,51.89
21578,POS消费,地点21,开水,2014/06/10 07:10:35,2.6,49.29
21578,POS消费,地点232,食堂,2014/06/10 10:54:45,8.0,41.29
21578,POS消费,地点21,开水,2014/06/10 14:03:45,2.5,38.79
21578,POS消费,地点91,校车,2014/06/10 17:57:06,6.0,32.79
21578,POS消费,地点91,校车,2014/06/11 11:48:05,10.0,22.79
21578,POS消费,地点21,开水,2014/06/11 21:58:13,9.3,13.49
21578,POS消费,地点94,开水,2014/06/11 22:04:13,0.01,13.48
21578,POS消费,地点94,开水,2014/06/12 06:58:31,0.01,13.47
21578,POS消费,地点91,校车,2014/06/12 12:00:47,9.0,4.47
21578,卡充值,,,2014/06/12 16:51:20,100.0,104.47
21578,POS消费,地点91,校车,2014/06/12 16:53:50,7.6,96.87
21578,POS消费,地点21,开水,2014/06/12 17:09:26,1.5,95.37
21578,POS消费,地点21,开水,2014/06/12 20:38:08,4.2,91.17
21578,POS消费,地点91,校车,2014/06/13 11:17:50,9.0,82.17
21578,POS消费,地点1115,淋浴,2014/06/13 20:33:52,0.4,81.77
21578,POS消费,地点21,开水,2014/06/13 20:56:53,5.0,76.77
21578,POS消费,地点94,开水,2014/06/13 21:04:18,0.01,76.76
21578,POS消费,地点21,开水,2014/06/14 12:01:35,5.6,71.16
21578,POS消费,地点21,开水,2014/06/14 13:07:31,5.0,66.16
21578,POS消费,地点91,校车,2014/06/14 17:26:43,10.0,56.16
21578,POS消费,地点21,开水,2014/06/14 17:45:37,2.7,53.46
21578,POS消费,地点94,开水,2014/06/15 11:19:23,0.01,53.45
21578,POS消费,地点6,淋浴,2014/06/15 12:28:27,7.6,45.85
21578,POS消费,地点91,校车,2014/06/15 18:09:07,8.0,37.85
21578,POS消费,地点21,开水,2014/06/15 19:07:11,2.7,35.15
21578,POS消费,地点21,开水,2014/06/15 22:18:00,3.5,31.65
21578,POS消费,地点232,食堂,2014/06/16 11:09:06,8.0,23.65
21578,POS消费,地点21,开水,2014/06/16 14:10:26,5.6,18.05
21578,POS消费,地点21,开水,2014/06/16 21:34:57,7.8,10.25
21578,POS消费,地点1115,淋浴,2014/06/16 22:03:50,0.5,9.75
21578,POS消费,地点94,开水,2014/06/17 07:51:34,0.01,9.74
21578,卡充值,,,2014/06/17 11:15:28,100.0,109.74
21578,POS消费,地点232,食堂,2014/06/17 11:17:39,8.0,101.74
21578,POS消费,地点21,开水,2014/06/17 21:38:57,5.3,96.44
21578,POS消费,地点232,食堂,2014/06/18 11:40:01,8.0,88.44
21578,POS消费,地点26,图书馆,2014/06/18 12:00:34,1.8,86.64
21578,POS消费,地点1115,淋浴,2014/06/18 12:57:19,0.3,86.34
21578,POS消费,地点94,开水,2014/06/18 14:43:22,0.01,86.33
21578,POS消费,地点21,开水,2014/06/18 15:00:25,1.8,84.53
21578,POS消费,地点21,开水,2014/06/18 20:05:19,7.2,77.33
21578,POS消费,地点232,食堂,2014/06/21 16:52:47,8.0,69.33
21578,POS消费,地点21,开水,2014/06/21 17:09:07,2.9,66.43
21578,POS消费,地点21,开水,2014/06/21 18:39:23,2.9,63.53
21578,POS消费,地点21,开水,2014/06/21 22:03:39,2.4,61.13
21578,POS消费,地点1115,淋浴,2014/06/21 22:49:27,0.3,60.83
21578,POS消费,地点94,开水,2014/06/22 09:06:39,0.01,60.82
21578,POS消费,地点232,食堂,2014/06/22 12:26:01,8.0,52.82
21578,POS消费,地点26,图书馆,2014/06/22 12:31:24,1.8,51.02
21578,POS消费,地点21,开水,2014/06/22 21:29:59,2.8,48.22
21578,POS消费,地点94,开水,2014/06/23 09:27:18,0.01,48.21
21578,POS消费,地点21,开水,2014/06/23 10:13:10,2.5,45.71
21578,POS消费,地点232,食堂,2014/06/23 12:26:20,8.0,37.71
21578,POS消费,地点26,图书馆,2014/06/23 12:32:09,1.8,35.91
21578,POS消费,地点21,开水,2014/06/23 21:04:21,5.4,30.51
21578,POS消费,地点21,开水,2014/06/24 11:31:45,5.6,24.91
21578,POS消费,地点21,开水,2014/06/24 11:31:57,3.0,21.91
21578,POS消费,地点21,开水,2014/06/24 11:56:23,4.7,17.21
21578,POS消费,地点21,开水,2014/06/24 20:21:06,4.8,12.41
21578,POS消费,地点94,开水,2014/06/25 10:17:42,0.01,12.4
21578,卡充值,,,2014/06/25 10:57:11,100.0,112.4
21578,POS消费,地点232,食堂,2014/06/25 11:00:45,8.0,104.4
21578,POS消费,地点12,文印中心,2014/06/25 19:49:20,7.9,96.5
21578,POS消费,地点94,开水,2014/06/26 10:49:26,0.01,96.49
21578,POS消费,地点232,食堂,2014/06/26 11:36:35,8.0,88.49
21578,POS消费,地点21,开水,2014/06/26 12:01:59,4.4,84.09
21578,POS消费,地点21,开水,2014/06/26 16:25:00,6.6,77.49
21578,POS消费,地点21,开水,2014/06/26 21:05:56,2.8,74.69
21578,POS消费,地点1115,淋浴,2014/06/26 22:20:48,0.5,74.19
21578,POS消费,地点94,开水,2014/06/27 09:03:02,0.01,74.18
21578,POS消费,地点21,开水,2014/06/27 09:27:18,8.9,65.28
21578,POS消费,地点232,食堂,2014/06/27 12:22:23,8.0,57.28
21578,POS消费,地点21,开水,2014/06/27 22:18:25,4.8,52.48
21578,POS消费,地点1115,淋浴,2014/06/27 23:00:33,0.6,51.88
21578,POS消费,地点94,开水,2014/06/28 11:29:54,0.01,51.87
21578,POS消费,地点91,校车,2014/06/28 12:22:33,8.0,43.87
21578,POS消费,地点21,开水,2014/06/28 12:31:21,2.5,41.37
21578,POS消费,地点21,开水,2014/06/28 20:37:01,15.5,25.87
21578,POS消费,地点21,开水,2014/06/28 22:22:30,3.4,22.47
21578,POS消费,地点1127,淋浴,2014/06/28 23:13:06,0.4,22.07
21578,POS消费,地点94,开水,2014/06/29 09:19:59,0.01,22.06
21578,POS消费,地点91,校车,2014/06/29 12:15:26,7.6,14.46
21578,POS消费,地点26,图书馆,2014/06/29 12:24:09,3.6,10.86
21578,POS消费,地点232,食堂,2014/06/29 18:11:50,8.0,2.86
21578,卡充值,,,2014/06/30 11:47:07,100.0,102.86
21578,POS消费,地点21,开水,2014/06/30 11:50:49,3.2,99.66
21578,POS消费,地点91,校车,2014/06/30 18:07:06,9.0,90.66
21578,POS消费,地点21,开水,2014/06/30 21:39:48,2.8,87.86
21578,POS消费,地点1115,淋浴,2014/06/30 22:25:55,0.4,87.46
21578,POS消费,地点21,开水,2014/07/01 09:24:01,2.0,85.46
21578,POS消费,地点91,校车,2014/07/01 11:57:02,9.0,76.46
21578,POS消费,地点21,开水,2014/07/01 12:06:36,1.8,74.66
21578,POS消费,地点21,开水,2014/07/01 13:19:46,2.0,72.66
21578,POS消费,地点21,开水,2014/07/01 21:28:48,4.8,67.86
21578,POS消费,地点91,校车,2014/07/02 11:18:29,6.0,61.86
21578,POS消费,地点232,食堂,2014/07/02 18:08:47,8.0,53.86
21578,POS消费,地点26,图书馆,2014/07/02 18:14:26,1.8,52.06
21578,POS消费,地点1115,淋浴,2014/07/02 18:38:23,0.5,51.56
21578,POS消费,地点21,开水,2014/07/02 20:58:58,5.3,46.26
21578,POS消费,地点91,校车,2014/07/03 11:25:37,8.0,38.26
21578,POS消费,地点26,图书馆,2014/07/03 11:27:22,1.8,36.46
21578,POS消费,地点21,开水,2014/07/03 21:28:47,10.5,25.96
21578,POS消费,地点21,开水,2014/07/03 21:33:37,2.7,23.26
21578,POS消费,地点1115,淋浴,2014/07/03 23:40:32,0.5,22.76
21578,POS消费,地点91,校车,2014/07/04 11:48:01,7.6,15.16
21578,POS消费,地点21,开水,2014/07/04 12:13:46,2.9,12.26
21578,卡充值,,,2014/07/04 17:41:56,100.0,112.26
21578,POS消费,地点232,食堂,2014/07/04 17:45:48,8.0,104.26
21578,POS消费,地点21,开水,2014/07/04 18:08:57,1.5,102.76
21578,POS消费,地点232,食堂,2014/07/05 12:25:50,8.0,94.76
21578,POS消费,地点21,开水,2014/07/05 20:55:30,6.6,88.16
21578,POS消费,地点1115,淋浴,2014/07/05 22:51:17,0.4,87.76
21578,POS消费,地点94,开水,2014/07/06 10:38:55,0.01,87.75
21578,POS消费,地点232,食堂,2014/07/06 11:24:01,8.0,79.75
21578,POS消费,地点21,开水,2014/07/06 11:43:34,1.5,78.25
21578,POS消费,地点21,开水,2014/07/06 17:20:52,5.6,72.65
21578,POS消费,地点21,开水,2014/07/07 08:32:27,4.7,67.95
21578,POS消费,地点91,校车,2014/07/07 11:33:02,6.0,61.95
21578,POS消费,地点1115,淋浴,2014/07/07 14:27:52,0.5,61.45
21578,POS消费,地点21,开水,2014/07/07 15:27:36,6.4,55.05
21578,POS消费,地点91,校车,2014/07/07 17:27:53,7.6,47.45
21578,POS消费,地点21,开水,2014/07/07 17:42:09,1.5,45.95
21578,POS消费,地点21,开水,2014/07/07 21:05:29,6.8,39.15
21578,POS消费,地点21,开水,2014/07/07 21:54:50,2.7,36.45
21578,POS消费,地点1115,淋浴,2014/07/07 22:27:39,0.3,36.15
21578,POS消费,地点21,开水,2014/07/08 08:08:12,4.0,32.15
21578,POS消费,地点21,开水,2014/07/08 08:10:42,0.6,31.55
21578,POS消费,地点21,开水,2014/07/08 11:31:13,4.6,26.95
21578,POS消费,地点91,校车,2014/07/08 11:31:19,3.0,23.95
21578,卡充值,,,2014/07/08 17:21:32,100.0,123.95
21578,POS消费,地点91,校车,2014/07/08 17:24:20,10.0,113.95
21578,POS消费,地点21,开水,2014/07/08 21:46:51,7.0,106.95
21578,POS消费,地点1127,淋浴,2014/07/08 21:50:20,0.4,106.55
21578,POS消费,地点91,校车,2014/07/09 11:43:39,8.0,98.55
21578,POS消费,地点21,开水,2014/07/09 11:53:43,1.0,97.55
21578,POS消费,地点232,食堂,2014/07/09 17:24:12,8.0,89.55
21578,POS消费,地点21,开水,2014/07/09 21:54:10,7.8,81.75
21578,POS消费,地点94,开水,2014/07/10 11:12:19,0.01,81.74
21578,POS消费,地点91,校车,2014/07/10 12:22:29,7.6,74.14
21578,POS消费,地点232,食堂,2014/07/10 17:50:33,8.0,66.14
21578,POS消费,地点21,开水,2014/07/10 18:06:46,1.0,65.14
21578,POS消费,地点21,开水,2014/07/10 21:51:52,6.9,58.24
21578,POS消费,地点94,开水,2014/07/11 08:23:12,0.01,58.23
21578,POS消费,地点21,开水,2014/07/11 12:12:09,3.0,55.23
21578,POS消费,地点1115,淋浴,2014/07/18 14:59:48,0.7,54.53
21578,POS消费,地点21,开水,2014/07/18 15:32:02,2.3,52.23
21578,POS消费,地点21,开水,2014/08/30 14:45:46,6.1,46.13
21578,卡充值,,,2014/08/30 15:39:15,100.0,146.13
21578,POS消费,地点21,开水,2014/08/30 17:16:21,12.7,133.43
21578,POS消费,地点21,开水,2014/08/30 19:03:08,3.5,129.93
21578,POS消费,地点1115,淋浴,2014/08/30 22:40:00,0.5,129.43
21578,POS消费,地点21,开水,2014/08/31 09:20:55,2.6,126.83
21578,POS消费,地点21,开水,2014/08/31 11:19:25,5.6,121.23
21578,POS消费,地点21,开水,2014/08/31 17:13:58,2.6,118.63
21578,POS消费,地点21,开水,2014/08/31 21:55:24,4.7,113.93
21578,POS消费,地点1127,淋浴,2014/08/31 22:08:05,0.5,113.43
