4217,POS消费,地点21,开水,2014/09/01 08:52:30,4.0,419.18
4217,POS消费,地点91,校车,2014/09/01 11:58:33,0.65,418.53
4217,POS消费,地点91,校车,2014/09/01 11:59:39,5.0,413.53
4217,POS消费,地点91,校车,2014/09/01 12:27:16,3.0,410.53
4217,POS消费,地点21,开水,2014/09/01 12:30:16,10.3,400.23
4217,POS消费,地点232,食堂,2014/09/01 17:55:44,7.0,393.23
4217,POS消费,地点1819,淋浴,2014/09/01 21:22:27,0.1,393.13
4217,POS消费,地点1819,淋浴,2014/09/01 21:23:54,0.6,392.53
4217,POS消费,地点21,开水,2014/09/02 07:53:40,3.6,388.93
4217,POS消费,地点232,食堂,2014/09/02 12:00:07,7.0,381.93
4217,POS消费,地点91,校车,2014/09/02 16:09:11,3.0,378.93
4217,POS消费,地点232,食堂,2014/09/02 18:03:53,7.0,371.93
4217,POS消费,地点21,开水,2014/09/02 18:16:39,3.5,368.43
4217,POS消费,地点21,开水,2014/09/02 21:11:52,3.9,364.53
4217,POS消费,地点1819,淋浴,2014/09/02 21:21:23,0.7,363.83
4217,POS消费,地点21,开水,2014/09/03 09:20:15,4.6,359.23
4217,POS消费,地点21,开水,2014/09/03 09:20:31,3.0,356.23
4217,POS消费,地点232,食堂,2014/09/03 12:00:33,7.0,349.23
4217,POS消费,地点232,食堂,2014/09/03 12:01:07,7.0,342.23
4217,POS消费,地点91,校车,2014/09/03 17:55:01,6.0,336.23
4217,POS消费,地点91,校车,2014/09/03 18:12:09,3.0,333.23
4217,POS消费,地点21,开水,2014/09/03 18:17:09,4.5,328.73
4217,POS消费,地点1819,淋浴,2014/09/03 21:24:50,0.5,328.23
4217,POS消费,地点21,开水,2014/09/04 09:44:27,4.6,323.63
4217,POS消费,地点232,食堂,2014/09/04 12:00:24,7.0,316.63
4217,POS消费,地点91,校车,2014/09/04 12:10:53,3.0,313.63
4217,POS消费,地点232,食堂,2014/09/04 17:40:33,7.0,306.63
4217,POS消费,地点1819,淋浴,2014/09/04 20:55:26,0.5,306.13
4217,POS消费,地点1765,淋浴,2014/09/04 21:08:16,0.06,306.07
4217,POS消费,地点21,开水,2014/09/05 07:57:01,4.0,302.07
4217,POS消费,地点91,校车,2014/09/05 10:10:02,3.0,299.07
4217,POS消费,地点232,食堂,2014/09/05 11:53:34,5.0,294.07
4217,POS消费,地点21,开水,2014/09/05 12:09:34,3.0,291.07
4217,POS消费,地点232,食堂,2014/09/05 17:41:57,7.0,284.07
4217,POS消费,地点21,开水,2014/09/05 17:56:14,9.6,274.47
4217,POS消费,地点21,开水,2014/09/06 12:01:50,3.4,271.07
4217,POS消费,地点91,校车,2014/09/06 12:09:50,3.0,268.07
4217,POS消费,地点91,校车,2014/09/06 19:01:05,8.1,259.97
4217,POS消费,地点21,开水,2014/09/06 19:03:58,3.5,256.47
4217,POS消费,地点1819,淋浴,2014/09/06 19:39:07,0.6,255.87
4217,POS消费,地点21,开水,2014/09/07 11:30:02,4.4,251.47
4217,POS消费,地点91,校车,2014/09/07 11:44:53,3.0,248.47
4217,POS消费,地点21,开水,2014/09/07 11:48:19,6.8,241.67
4217,POS消费,地点21,开水,2014/09/07 17:47:27,3.4,238.27
4217,POS消费,地点21,开水,2014/09/07 18:00:40,5.6,232.67
4217,POS消费,地点21,开水,2014/09/08 11:22:31,4.6,228.07
4217,POS消费,地点91,校车,2014/09/08 11:38:14,3.0,225.07
4217,POS消费,地点91,校车,2014/09/08 17:28:07,6.0,219.07
4217,POS消费,地点21,开水,2014/09/08 18:06:39,5.7,213.37
4217,POS消费,地点1819,淋浴,2014/09/08 18:41:11,0.5,212.87
4217,POS消费,地点21,开水,2014/09/09 07:56:51,3.0,209.87
4217,POS消费,地点21,开水,2014/09/09 12:01:44,3.4,206.47
4217,POS消费,地点91,校车,2014/09/09 12:11:25,3.0,203.47
4217,POS消费,地点232,食堂,2014/09/09 18:00:04,8.0,195.47
4217,POS消费,地点232,食堂,2014/09/09 18:00:19,-8.0,203.47
4217,POS消费,地点232,食堂,2014/09/09 18:00:23,7.0,196.47
4217,POS消费,地点91,校车,2014/09/09 21:09:32,3.0,193.47
4217,POS消费,地点1819,淋浴,2014/09/09 21:19:53,0.5,192.97
4217,POS消费,地点232,食堂,2014/09/10 11:21:07,8.0,184.97
4217,POS消费,地点91,校车,2014/09/10 11:34:12,3.0,181.97
4217,POS消费,地点21,开水,2014/09/10 11:35:38,3.5,178.47
4217,POS消费,地点232,食堂,2014/09/10 17:55:33,10.0,168.47
4217,POS消费,地点21,开水,2014/09/10 18:09:17,5.5,162.97
4217,POS消费,地点1819,淋浴,2014/09/10 21:10:31,0.5,162.47
4217,POS消费,地点21,开水,2014/09/11 09:40:09,4.6,157.87
4217,POS消费,地点21,开水,2014/09/11 11:59:29,2.4,155.47
4217,POS消费,地点91,校车,2014/09/11 12:11:31,3.0,152.47
4217,POS消费,地点232,食堂,2014/09/11 17:28:51,7.0,145.47
4217,POS消费,地点21,开水,2014/09/11 17:40:51,2.0,143.47
4217,POS消费,地点91,校车,2014/09/11 21:14:27,3.0,140.47
4217,POS消费,地点21,开水,2014/09/12 09:47:29,4.6,135.87
4217,POS消费,地点21,开水,2014/09/12 11:54:21,3.4,132.47
4217,POS消费,地点91,校车,2014/09/12 12:03:41,3.0,129.47
4217,POS消费,地点232,食堂,2014/09/12 18:07:14,10.0,119.47
4217,POS消费,地点21,开水,2014/09/12 18:18:46,2.5,116.97
4217,POS消费,地点91,校车,2014/09/12 21:12:30,3.0,113.97
4217,POS消费,地点21,开水,2014/09/13 12:05:19,5.0,108.97
4217,POS消费,地点91,校车,2014/09/13 18:28:08,3.0,104.47
4217,POS消费,地点1819,淋浴,2014/09/14 09:30:39,1.5,107.47
4217,POS消费,地点21,开水,2014/09/14 11:43:08,3.4,101.07
4217,POS消费,地点91,校车,2014/09/14 11:53:24,3.0,98.07
4217,POS消费,地点232,食堂,2014/09/14 17:39:33,8.0,90.07
4217,POS消费,地点21,开水,2014/09/14 17:50:50,7.8,82.27
4217,POS消费,地点1819,淋浴,2014/09/14 20:01:05,0.5,81.77
4217,POS消费,地点21,开水,2014/09/15 12:00:30,4.4,77.37
4217,POS消费,地点91,校车,2014/09/15 12:08:13,3.0,74.37
4217,POS消费,地点21,开水,2014/09/15 12:10:23,1.0,73.37
4217,POS消费,地点1765,淋浴,2014/09/15 14:59:03,0.03,73.34
4217,POS消费,地点232,食堂,2014/09/15 17:25:08,7.0,66.34
4217,POS消费,地点91,校车,2014/09/15 17:35:07,3.0,63.34
4217,POS消费,地点21,开水,2014/09/16 07:54:59,2.6,60.74
4217,POS消费,地点21,开水,2014/09/16 11:59:49,2.2,58.54
4217,卡充值,,,2014/09/16 12:09:58,300.0,358.54
4217,POS消费,地点232,食堂,2014/09/16 17:53:21,10.0,348.54
4217,POS消费,地点21,开水,2014/09/16 18:06:20,5.3,343.24
4217,POS消费,地点1819,淋浴,2014/09/16 21:29:17,0.5,342.74
4217,POS消费,地点21,开水,2014/09/17 09:39:54,2.6,340.14
4217,POS消费,地点6,淋浴,2014/09/17 12:18:24,6.0,334.14
4217,POS消费,地点21,开水,2014/09/17 12:40:11,8.3,325.84
4217,POS消费,地点21,开水,2014/09/17 18:19:14,3.6,322.24
4217,POS消费,地点21,开水,2014/09/17 18:30:11,5.2,317.04
4217,POS消费,地点21,开水,2014/09/18 09:42:28,2.6,314.44
4217,POS消费,地点21,开水,2014/09/18 11:59:35,3.4,311.04
4217,POS消费,地点91,校车,2014/09/18 12:12:33,3.0,308.04
4217,POS消费,地点91,校车,2014/09/18 18:28:09,9.0,299.04
4217,POS消费,地点91,校车,2014/09/18 18:48:26,3.0,296.04
4217,POS消费,地点21,开水,2014/09/18 18:50:45,4.4,291.64
4217,POS消费,地点1819,淋浴,2014/09/18 21:07:55,0.6,291.04
4217,POS消费,地点21,开水,2014/09/19 07:58:24,4.6,286.44
4217,POS消费,地点21,开水,2014/09/19 12:01:09,4.4,282.04
4217,POS消费,地点91,校车,2014/09/19 12:11:54,3.0,279.04
4217,POS消费,地点232,食堂,2014/09/19 18:19:35,10.0,269.04
4217,POS消费,地点21,开水,2014/09/19 18:30:25,2.5,266.54
4217,POS消费,地点91,校车,2014/09/19 22:02:04,3.0,263.54
4217,POS消费,地点1819,淋浴,2014/09/19 23:27:04,0.5,263.04
4217,POS消费,地点21,开水,2014/09/20 11:36:05,6.0,257.04
4217,POS消费,地点21,开水,2014/09/20 11:37:50,4.6,252.44
4217,POS消费,地点91,校车,2014/09/20 11:38:40,5.1,247.34
4217,POS消费,地点21,开水,2014/09/20 16:37:19,43.3,204.04
4217,POS消费,地点21,开水,2014/09/20 17:14:59,3.4,200.64
4217,POS消费,地点1765,淋浴,2014/09/20 17:52:20,0.04,200.6
4217,POS消费,地点21,开水,2014/09/21 12:32:37,2.0,198.6
4217,POS消费,地点232,食堂,2014/09/21 18:04:51,10.0,188.6
4217,POS消费,地点91,校车,2014/09/21 18:19:08,3.0,185.6
4217,POS消费,地点21,开水,2014/09/21 18:22:44,4.0,181.6
4217,POS消费,地点1819,淋浴,2014/09/21 20:25:36,0.5,181.1
4217,POS消费,地点1765,淋浴,2014/09/21 20:38:14,0.03,181.07
4217,POS消费,地点1765,淋浴,2014/09/22 09:23:20,0.02,181.05
4217,POS消费,地点21,开水,2014/09/22 09:46:36,2.6,178.45
4217,POS消费,地点21,开水,2014/09/22 12:01:34,3.4,175.05
4217,POS消费,地点91,校车,2014/09/22 12:13:59,3.0,172.05
4217,POS消费,地点21,开水,2014/09/22 17:47:36,6.0,166.05
4217,POS消费,地点21,开水,2014/09/23 08:04:36,2.6,163.45
4217,POS消费,地点21,开水,2014/09/23 11:58:25,4.6,158.85
4217,POS消费,地点1765,淋浴,2014/09/23 12:20:24,0.02,158.83
4217,POS消费,地点232,食堂,2014/09/23 17:50:31,10.0,148.83
4217,POS消费,地点91,校车,2014/09/23 18:04:39,3.0,145.83
4217,POS消费,地点1819,淋浴,2014/09/23 18:17:40,0.6,145.23
4217,POS消费,地点1765,淋浴,2014/09/23 19:25:23,0.02,145.21
4217,POS消费,地点1765,淋浴,2014/09/24 09:00:35,0.03,145.18
4217,POS消费,地点232,食堂,2014/09/24 11:22:25,7.0,138.18
4217,POS消费,地点91,校车,2014/09/24 11:33:48,3.0,135.18
4217,POS消费,地点21,开水,2014/09/24 17:47:41,3.6,131.58
4217,POS消费,地点21,开水,2014/09/24 18:02:09,3.0,128.58
4217,POS消费,地点91,校车,2014/09/24 21:56:57,3.0,125.58
4217,POS消费,地点1765,淋浴,2014/09/24 23:23:15,0.04,125.54
4217,POS消费,地点21,开水,2014/09/25 09:46:47,2.6,122.94
4217,POS消费,地点21,开水,2014/09/25 11:56:41,3.4,119.54
4217,POS消费,地点91,校车,2014/09/25 12:09:46,3.0,116.54
4217,POS消费,地点1819,淋浴,2014/09/25 15:13:58,1.2,115.34
4217,POS消费,地点1765,淋浴,2014/09/25 15:48:13,0.01,115.33
4217,POS消费,地点21,开水,2014/09/25 17:50:14,4.0,111.33
4217,POS消费,地点21,开水,2014/09/25 19:10:49,3.0,108.33
4217,POS消费,地点1765,淋浴,2014/09/26 09:29:36,0.02,108.31
4217,POS消费,地点232,食堂,2014/09/26 11:35:11,10.0,98.31
4217,POS消费,地点91,校车,2014/09/26 11:48:28,3.0,95.31
4217,POS消费,地点21,开水,2014/09/26 14:15:22,2.4,92.91
4217,POS消费,地点21,开水,2014/09/26 18:05:28,3.4,89.51
4217,POS消费,地点21,开水,2014/09/26 18:05:36,4.0,85.51
4217,POS消费,地点21,开水,2014/09/26 18:08:28,2.0,83.51
4217,POS消费,地点21,开水,2014/09/26 18:18:10,5.9,77.61
4217,POS消费,地点232,食堂,2014/09/27 11:43:10,10.0,67.61
4217,POS消费,地点21,开水,2014/09/27 11:57:25,5.7,61.91
4217,POS消费,地点1765,淋浴,2014/09/27 15:39:14,0.02,61.89
4217,POS消费,地点21,开水,2014/09/27 17:32:19,4.4,57.49
4217,POS消费,地点21,开水,2014/09/27 17:38:59,2.5,54.99
4217,POS消费,地点21,开水,2014/09/27 18:06:44,4.0,50.99
4217,POS消费,地点1819,淋浴,2014/09/27 21:39:40,0.6,50.39
4217,POS消费,地点1765,淋浴,2014/09/27 22:16:55,0.01,50.38
4217,POS消费,地点21,开水,2014/09/28 11:48:42,4.6,45.78
4217,POS消费,地点21,开水,2014/09/28 12:02:39,5.9,39.88
4217,卡充值,,,2014/09/28 17:20:17,400.0,439.88
4217,POS消费,地点232,食堂,2014/09/28 17:23:03,10.0,429.88
4217,POS消费,地点21,开水,2014/09/28 17:36:48,10.0,419.88
4217,POS消费,地点232,食堂,2014/09/29 12:25:33,10.0,409.88
4217,POS消费,地点21,开水,2014/09/29 12:40:03,3.3,406.58
4217,POS消费,地点21,开水,2014/09/29 17:38:12,4.4,402.18
4217,POS消费,地点21,开水,2014/09/29 17:51:44,5.7,396.48
4217,POS消费,地点21,开水,2014/09/30 08:06:15,5.1,391.38
4217,POS消费,地点21,开水,2014/09/30 10:10:04,8.5,382.88
4217,POS消费,地点91,校车,2014/09/30 19:52:18,3.0,379.88
4217,POS消费,地点21,开水,2014/09/30 19:53:57,3.9,375.98
4217,POS消费,地点1819,淋浴,2014/10/01 00:55:28,0.1,375.88
4217,POS消费,地点1765,淋浴,2014/10/01 09:04:06,0.11,375.77
4217,POS消费,地点91,校车,2014/10/01 21:26:17,3.0,372.77
4217,POS消费,地点1819,淋浴,2014/10/01 23:07:00,0.6,372.17
4217,POS消费,地点1765,淋浴,2014/10/02 09:57:54,0.03,372.14
4217,POS消费,地点91,校车,2014/10/02 11:58:14,9.0,363.14
4217,POS消费,地点21,开水,2014/10/02 12:24:32,4.0,359.14
4217,POS消费,地点91,校车,2014/10/02 17:41:38,5.0,354.14
4217,POS消费,地点21,开水,2014/10/02 18:00:36,7.2,346.94
4217,POS消费,地点21,开水,2014/10/03 11:40:39,5.4,341.54
4217,POS消费,地点21,开水,2014/10/03 11:52:29,10.4,331.14
4217,POS消费,地点91,校车,2014/10/03 17:53:15,5.0,326.14
4217,POS消费,地点21,开水,2014/10/03 18:20:24,5.3,320.84
4217,POS消费,地点1819,淋浴,2014/10/03 19:42:52,0.4,320.44
4217,POS消费,地点21,开水,2014/10/04 11:38:34,5.6,314.84
4217,POS消费,地点91,校车,2014/10/04 11:40:32,5.8,309.04
4217,POS消费,地点91,校车,2014/10/04 11:50:47,3.0,306.04
4217,POS消费,地点91,校车,2014/10/04 18:02:06,6.0,300.04
4217,POS消费,地点21,开水,2014/10/04 18:29:12,10.3,289.74
4217,POS消费,地点21,开水,2014/10/05 11:28:13,5.6,284.14
4217,POS消费,地点91,校车,2014/10/05 11:28:45,4.1,280.04
4217,POS消费,地点21,开水,2014/10/05 11:41:05,3.3,276.74
4217,POS消费,地点91,校车,2014/10/05 17:54:56,6.5,270.24
4217,POS消费,地点21,开水,2014/10/05 18:25:40,3.2,267.04
4217,POS消费,地点1819,淋浴,2014/10/05 19:37:34,0.3,266.74
4217,POS消费,地点1765,淋浴,2014/10/05 20:38:53,0.03,266.71
4217,POS消费,地点1765,淋浴,2014/10/05 21:58:06,0.02,266.69
4217,POS消费,地点1765,淋浴,2014/10/06 09:51:33,0.02,266.67
4217,POS消费,地点21,开水,2014/10/06 11:56:13,4.6,262.07
4217,POS消费,地点91,校车,2014/10/06 12:08:40,3.0,259.07
4217,POS消费,地点21,开水,2014/10/06 12:08:54,3.5,255.57
4217,POS消费,地点21,开水,2014/10/06 17:25:56,10.6,244.97
4217,POS消费,地点21,开水,2014/10/06 17:42:22,7.0,237.97
4217,POS消费,地点1819,淋浴,2014/10/07 19:23:19,0.1,237.87
4217,POS消费,地点1819,淋浴,2014/10/07 19:58:11,0.1,237.77
4217,POS消费,地点1819,淋浴,2014/10/07 20:17:33,0.1,237.67
4217,POS消费,地点1819,淋浴,2014/10/07 20:43:09,0.7,236.97
4217,POS消费,地点21,开水,2014/10/08 11:22:17,4.6,232.37
4217,POS消费,地点21,开水,2014/10/08 16:13:19,9.6,222.77
4217,POS消费,地点1765,淋浴,2014/10/08 16:29:16,0.05,222.72
4217,POS消费,地点21,开水,2014/10/08 19:42:36,30.0,192.72
4217,POS消费,地点21,开水,2014/10/08 19:42:41,3.3,189.42
4217,POS消费,地点21,开水,2014/10/09 09:51:43,2.6,186.82
4217,POS消费,地点21,开水,2014/10/09 11:56:51,4.4,182.42
4217,POS消费,地点232,食堂,2014/10/09 17:17:58,10.0,172.42
4217,POS消费,地点21,开水,2014/10/09 17:30:19,3.3,169.12
4217,POS消费,地点1819,淋浴,2014/10/09 19:40:35,0.6,168.52
4217,POS消费,地点21,开水,2014/10/10 09:55:04,5.1,163.42
4217,POS消费,地点21,开水,2014/10/10 11:59:16,3.4,160.02
4217,POS消费,地点21,开水,2014/10/10 12:08:06,2.0,158.02
4217,POS消费,地点91,校车,2014/10/10 17:11:02,6.0,152.02
4217,POS消费,地点26,图书馆,2014/10/10 17:22:05,1.8,150.22
4217,POS消费,地点21,开水,2014/10/10 17:30:46,3.3,146.92
4217,POS消费,地点21,开水,2014/10/10 18:57:59,1.5,145.42
4217,POS消费,地点21,开水,2014/10/11 07:59:00,4.6,140.82
4217,POS消费,地点21,开水,2014/10/11 09:20:02,7.2,133.62
4217,POS消费,地点1765,淋浴,2014/10/11 11:48:04,0.04,133.58
4217,POS消费,地点21,开水,2014/10/11 16:10:54,3.0,130.58
4217,POS消费,地点232,食堂,2014/10/11 16:57:33,10.0,120.58
4217,POS消费,地点21,开水,2014/10/11 19:26:24,4.0,116.58
4217,POS消费,地点1819,淋浴,2014/10/11 20:59:38,0.7,115.88
4217,POS消费,地点91,校车,2014/10/12 11:58:06,8.0,107.88
4217,POS消费,地点91,校车,2014/10/12 17:16:36,5.6,102.28
4217,POS消费,地点21,开水,2014/10/12 17:32:53,4.0,98.28
4217,POS消费,地点1819,淋浴,2014/10/12 18:06:45,0.6,97.68
4217,POS消费,地点232,食堂,2014/10/13 11:59:23,10.0,87.68
4217,POS消费,地点21,开水,2014/10/13 12:11:20,3.0,84.68
4217,POS消费,地点21,开水,2014/10/13 17:24:28,5.6,79.08
4217,POS消费,地点21,开水,2014/10/14 07:52:33,4.6,74.48
4217,POS消费,地点232,食堂,2014/10/14 11:32:47,5.6,68.88
4217,POS消费,地点91,校车,2014/10/14 17:19:38,5.6,63.28
4217,POS消费,地点21,开水,2014/10/14 17:33:15,3.3,59.98
4217,POS消费,地点1819,淋浴,2014/10/14 20:47:49,0.7,59.28
4217,POS消费,地点21,开水,2014/10/15 09:50:49,2.6,56.68
4217,POS消费,地点21,开水,2014/10/15 11:34:22,5.6,51.08
4217,卡充值,,,2014/10/15 11:40:36,400.0,451.08
4217,POS消费,地点21,开水,2014/10/15 16:12:29,9.2,441.88
4217,POS消费,地点1765,淋浴,2014/10/15 17:20:14,0.04,441.84
4217,POS消费,地点1819,淋浴,2014/10/15 18:52:08,0.3,441.54
4217,POS消费,地点232,食堂,2014/10/16 12:02:13,10.0,431.54
4217,POS消费,地点21,开水,2014/10/16 12:14:49,4.0,427.54
4217,POS消费,地点232,食堂,2014/10/16 17:34:55,8.0,419.54
4217,POS消费,地点21,开水,2014/10/16 17:45:20,3.3,416.24
4217,POS消费,地点21,开水,2014/10/17 11:39:30,5.6,410.64
4217,POS消费,地点91,校车,2014/10/17 11:40:10,4.6,406.04
4217,POS消费,地点21,开水,2014/10/17 11:50:59,1.5,404.54
4217,POS消费,地点1765,淋浴,2014/10/17 15:40:17,0.2,404.34
4217,POS消费,地点232,食堂,2014/10/17 18:11:13,5.6,398.74
4217,POS消费,地点21,开水,2014/10/18 11:58:16,4.6,394.14
4217,POS消费,地点91,校车,2014/10/18 11:59:10,3.0,391.14
4217,POS消费,地点91,校车,2014/10/18 12:11:21,11.3,379.84
4217,POS消费,地点232,食堂,2014/10/18 17:50:45,5.6,374.24
4217,POS消费,地点91,校车,2014/10/18 17:52:14,1.8,372.44
4217,POS消费,地点21,开水,2014/10/18 18:01:52,2.0,370.44
4217,POS消费,地点21,开水,2014/10/19 11:16:45,5.6,364.84
4217,POS消费,地点91,校车,2014/10/19 11:17:28,3.8,361.04
4217,POS消费,地点1819,淋浴,2014/10/19 11:42:09,0.1,360.94
4217,POS消费,地点1819,淋浴,2014/10/19 14:42:34,0.1,360.84
4217,POS消费,地点1819,淋浴,2014/10/19 15:26:10,0.1,360.74
4217,POS消费,地点1819,淋浴,2014/10/19 15:27:29,0.4,360.34
4217,POS消费,地点1765,淋浴,2014/10/19 15:51:50,0.02,360.32
4217,POS消费,地点232,食堂,2014/10/19 17:42:41,8.0,352.32
4217,POS消费,地点21,开水,2014/10/19 17:54:27,4.0,348.32
4217,POS消费,地点1765,淋浴,2014/10/20 09:50:14,0.02,348.3
4217,POS消费,地点232,食堂,2014/10/20 11:18:57,5.6,342.7
4217,POS消费,地点91,校车,2014/10/20 11:19:34,3.8,338.9
4217,POS消费,地点1765,淋浴,2014/10/20 14:27:31,0.02,338.88
4217,POS消费,地点232,食堂,2014/10/20 17:14:01,5.6,333.28
4217,POS消费,地点21,开水,2014/10/20 17:14:13,1.0,332.28
4217,POS消费,地点248,超市,2014/10/20 17:35:49,1.0,331.28
4217,POS消费,地点21,开水,2014/10/20 21:06:12,2.0,329.28
4217,POS消费,地点1819,淋浴,2014/10/20 21:47:42,0.6,328.68
4217,POS消费,地点1765,淋浴,2014/10/21 07:45:18,0.02,328.66
4217,POS消费,地点21,开水,2014/10/21 07:55:35,4.6,324.06
4217,POS消费,地点21,开水,2014/10/21 11:54:11,4.4,319.66
4217,POS消费,地点21,开水,2014/10/21 12:05:09,2.0,317.66
4217,POS消费,地点91,校车,2014/10/21 17:48:46,5.6,312.06
4217,POS消费,地点21,开水,2014/10/21 17:49:17,1.0,311.06
4217,POS消费,地点21,开水,2014/10/21 18:01:57,8.6,302.46
4217,POS消费,地点1765,淋浴,2014/10/21 18:57:26,0.02,302.44
4217,POS消费,地点1765,淋浴,2014/10/22 09:21:55,0.04,302.4
4217,POS消费,地点232,食堂,2014/10/22 11:34:31,5.6,296.8
4217,POS消费,地点91,校车,2014/10/22 11:35:16,4.3,292.5
4217,POS消费,地点1765,淋浴,2014/10/22 11:49:10,0.04,292.46
4217,POS消费,地点21,开水,2014/10/22 14:11:40,1.9,290.56
4217,POS消费,地点21,开水,2014/10/22 16:17:54,8.6,281.96
4217,POS消费,地点1765,淋浴,2014/10/22 17:50:02,0.05,281.91
4217,POS消费,地点1819,淋浴,2014/10/22 20:48:53,0.6,281.31
4217,POS消费,地点1765,淋浴,2014/10/22 21:21:28,0.03,281.28
4217,POS消费,地点21,开水,2014/10/23 10:02:36,2.6,278.68
4217,POS消费,地点21,开水,2014/10/23 12:05:50,4.4,274.28
4217,POS消费,地点21,开水,2014/10/23 12:16:20,2.0,272.28
4217,POS消费,地点1765,淋浴,2014/10/23 12:48:49,0.03,272.25
4217,POS消费,地点232,食堂,2014/10/23 17:50:23,5.6,266.65
4217,POS消费,地点21,开水,2014/10/23 18:02:25,3.0,263.65
4217,POS消费,地点21,开水,2014/10/24 09:56:51,2.6,261.05
4217,POS消费,地点21,开水,2014/10/24 12:09:20,2.9,258.15
4217,POS消费,地点91,校车,2014/10/24 17:34:21,5.6,252.55
4217,POS消费,地点21,开水,2014/10/24 17:35:02,1.0,251.55
4217,POS消费,地点21,开水,2014/10/24 17:46:05,3.5,248.05
4217,POS消费,地点1819,淋浴,2014/10/24 18:16:20,0.6,247.45
4217,POS消费,地点21,开水,2014/10/25 08:09:08,4.6,242.85
4217,POS消费,地点21,开水,2014/10/25 11:46:45,5.6,237.25
4217,POS消费,地点21,开水,2014/10/25 11:58:35,6.0,231.25
4217,POS消费,地点21,开水,2014/10/25 18:52:39,12.2,219.05
4217,POS消费,地点1765,淋浴,2014/10/25 18:58:59,0.05,219.0
4217,POS消费,地点232,食堂,2014/10/26 11:36:33,7.0,212.0
4217,POS消费,地点21,开水,2014/10/26 11:37:05,2.0,210.0
4217,POS消费,地点1819,淋浴,2014/10/26 13:55:48,0.1,209.9
4217,POS消费,地点1819,淋浴,2014/10/26 14:30:30,0.7,209.2
4217,POS消费,地点232,食堂,2014/10/26 17:32:09,5.6,203.6
4217,POS消费,地点91,校车,2014/10/26 17:35:20,3.0,200.6
4217,POS消费,地点232,食堂,2014/10/27 11:19:03,7.0,193.6
4217,POS消费,地点232,食堂,2014/10/27 18:04:30,8.0,185.6
4217,POS消费,地点21,开水,2014/10/27 20:27:18,5.3,180.3
4217,POS消费,地点21,开水,2014/10/28 08:09:05,4.6,175.7
4217,POS消费,地点21,开水,2014/10/28 10:17:28,4.3,171.4
4217,POS消费,地点1765,淋浴,2014/10/28 11:52:44,0.01,171.39
4217,POS消费,地点21,开水,2014/10/28 17:46:36,5.6,165.79
4217,POS消费,地点1819,淋浴,2014/10/28 20:39:37,0.5,165.29
4217,POS消费,地点1765,淋浴,2014/10/28 22:51:16,0.02,165.27
4217,POS消费,地点1765,淋浴,2014/10/29 09:30:02,0.03,165.24
4217,POS消费,地点21,开水,2014/10/29 11:33:12,0.5,164.74
4217,POS消费,地点21,开水,2014/10/29 11:34:12,0.35,164.39
4217,POS消费,地点91,校车,2014/10/29 11:39:43,2.2,162.19
4217,POS消费,地点91,校车,2014/10/29 11:44:18,7.8,154.39
4217,POS消费,地点1765,淋浴,2014/10/29 11:56:15,0.02,154.37
4217,POS消费,地点1765,淋浴,2014/10/29 15:37:12,0.05,154.32
4217,POS消费,地点1765,淋浴,2014/10/29 17:16:44,0.03,154.29
4217,POS消费,地点1765,淋浴,2014/10/29 21:23:52,0.02,154.27
4217,POS消费,地点1765,淋浴,2014/10/30 08:39:53,0.15,154.12
4217,POS消费,地点1765,淋浴,2014/10/30 08:53:02,0.04,154.08
4217,POS消费,地点232,食堂,2014/10/30 12:05:50,7.0,147.08
4217,POS消费,地点21,开水,2014/10/30 12:17:45,2.0,145.08
4217,POS消费,地点1765,淋浴,2014/10/30 12:25:03,0.02,145.06
4217,POS消费,地点1765,淋浴,2014/10/30 15:13:45,0.02,145.04
4217,POS消费,地点21,开水,2014/10/30 17:39:32,2.0,141.24
4217,POS消费,地点21,开水,2014/10/30 17:44:59,1.8,143.24
4217,POS消费,地点1819,淋浴,2014/10/30 22:11:47,0.4,140.84
4217,POS消费,地点1765,淋浴,2014/10/31 09:23:23,0.01,140.83
4217,POS消费,地点91,校车,2014/10/31 12:11:30,5.0,135.83
4217,POS消费,地点1765,淋浴,2014/10/31 12:34:01,0.01,135.82
4217,POS消费,地点21,开水,2014/10/31 18:17:35,3.3,132.52
4217,POS消费,地点1819,淋浴,2014/10/31 19:26:03,0.4,132.12
4217,POS消费,地点1765,淋浴,2014/10/31 21:09:39,0.02,132.1
4217,POS消费,地点1765,淋浴,2014/11/01 07:53:57,0.03,132.07
4217,POS消费,地点21,开水,2014/11/01 08:06:38,4.6,127.47
4217,POS消费,地点21,开水,2014/11/01 11:51:08,3.6,123.87
4217,POS消费,地点91,校车,2014/11/01 11:51:54,4.2,119.67
4217,POS消费,地点1765,淋浴,2014/11/01 16:40:02,0.02,119.65
4217,POS消费,地点232,食堂,2014/11/01 18:10:04,5.0,114.65
4217,POS消费,地点21,开水,2014/11/01 18:12:13,1.8,112.85
4217,POS消费,地点1765,淋浴,2014/11/02 10:31:03,0.02,112.83
4217,POS消费,地点1765,淋浴,2014/11/02 10:58:50,0.02,112.81
4217,POS消费,地点232,食堂,2014/11/02 17:31:18,8.0,104.81
4217,POS消费,地点21,开水,2014/11/02 17:42:55,4.8,100.01
4217,POS消费,地点21,开水,2014/11/02 17:43:01,7.3,92.71
4217,POS消费,地点1819,淋浴,2014/11/02 18:26:51,0.7,92.01
4217,POS消费,地点1765,淋浴,2014/11/02 18:44:46,0.02,91.99
4217,POS消费,地点1765,淋浴,2014/11/02 19:15:23,0.02,91.97
4217,POS消费,地点1765,淋浴,2014/11/02 20:43:57,0.03,91.94
4217,POS消费,地点21,开水,2014/11/03 08:30:39,4.6,87.34
4217,POS消费,地点21,开水,2014/11/03 11:17:26,5.4,81.94
4217,POS消费,地点91,校车,2014/11/03 11:18:06,4.5,77.44
4217,POS消费,地点21,开水,2014/11/03 11:30:07,5.3,72.14
4217,POS消费,地点232,食堂,2014/11/03 17:55:41,7.0,65.14
4217,POS消费,地点21,开水,2014/11/03 18:06:36,2.3,62.84
4217,POS消费,地点1765,淋浴,2014/11/03 21:12:30,0.03,62.81
4217,POS消费,地点21,开水,2014/11/04 08:01:47,3.1,59.71
4217,POS消费,地点21,开水,2014/11/04 10:16:19,4.3,55.41
4217,POS消费,地点1765,淋浴,2014/11/04 10:38:51,0.03,55.38
4217,POS消费,地点1765,淋浴,2014/11/04 11:31:37,0.05,55.33
4217,POS消费,地点21,开水,2014/11/04 16:17:11,2.2,53.13
4217,POS消费,地点26,图书馆,2014/11/04 19:47:00,16.9,36.23
4217,POS消费,地点1819,淋浴,2014/11/04 21:53:21,0.5,35.73
4217,POS消费,地点1765,淋浴,2014/11/04 22:21:56,0.01,35.72
4217,POS消费,地点21,开水,2014/11/05 08:21:34,3.8,31.92
4217,POS消费,地点21,开水,2014/11/05 11:10:35,5.6,26.32
4217,POS消费,地点21,开水,2014/11/05 11:21:08,2.3,24.02
4217,POS消费,地点1765,淋浴,2014/11/05 15:25:42,0.01,24.01
4217,POS消费,地点1774,开水,2014/11/05 15:26:11,0.02,23.99
4217,POS消费,地点232,食堂,2014/11/05 17:52:02,5.66,18.33
4217,POS消费,地点91,校车,2014/11/05 17:53:07,2.0,16.33
4217,POS消费,地点21,开水,2014/11/05 18:04:12,4.7,11.63
4217,POS消费,地点1774,开水,2014/11/05 21:56:03,0.02,11.61
4217,POS消费,地点1765,淋浴,2014/11/06 09:35:08,0.01,11.6
4217,POS消费,地点1774,开水,2014/11/06 09:35:35,0.1,11.5
4217,POS消费,地点21,开水,2014/11/06 12:07:41,2.6,8.9
4217,卡充值,,,2014/11/06 12:16:57,300.0,308.9
4217,POS消费,地点21,开水,2014/11/06 17:25:47,2.6,306.3
4217,POS消费,地点1819,淋浴,2014/11/06 20:30:09,0.7,305.6
4217,POS消费,地点1774,开水,2014/11/07 09:49:52,0.01,305.59
4217,POS消费,地点21,开水,2014/11/07 11:31:10,2.6,302.99
4217,POS消费,地点91,校车,2014/11/07 11:31:53,3.8,299.19
4217,POS消费,地点1774,开水,2014/11/07 11:43:43,0.01,299.18
4217,POS消费,地点1765,淋浴,2014/11/07 14:53:46,0.02,299.16
4217,POS消费,地点21,开水,2014/11/07 17:41:24,2.6,296.56
4217,POS消费,地点1765,淋浴,2014/11/07 17:53:08,0.03,296.53
4217,POS消费,地点21,开水,2014/11/07 20:21:36,2.5,294.03
4217,POS消费,地点21,开水,2014/11/08 08:13:28,4.6,289.43
4217,POS消费,地点21,开水,2014/11/08 12:03:50,2.6,286.83
4217,POS消费,地点21,开水,2014/11/08 12:04:16,3.6,283.23
4217,POS消费,地点1765,淋浴,2014/11/08 12:22:45,0.02,283.21
4217,POS消费,地点1819,淋浴,2014/11/08 16:34:04,0.7,282.51
4217,POS消费,地点91,校车,2014/11/08 18:06:40,9.0,273.51
4217,POS消费,地点248,超市,2014/11/08 18:22:33,1.0,272.51
4217,POS消费,地点1765,淋浴,2014/11/08 20:33:19,0.03,272.48
4217,POS消费,地点1765,淋浴,2014/11/09 11:10:37,0.03,272.45
4217,POS消费,地点21,开水,2014/11/09 11:43:53,2.6,269.85
4217,POS消费,地点91,校车,2014/11/09 11:44:47,3.1,266.75
4217,POS消费,地点21,开水,2014/11/09 11:53:57,2.5,264.25
4217,POS消费,地点21,开水,2014/11/09 17:57:33,3.6,260.65
4217,POS消费,地点91,校车,2014/11/09 17:58:10,2.8,257.85
4217,POS消费,地点21,开水,2014/11/09 18:09:50,6.5,251.35
4217,POS消费,地点1765,淋浴,2014/11/10 09:49:32,0.02,251.33
4217,POS消费,地点21,开水,2014/11/10 11:28:40,4.4,246.93
4217,POS消费,地点1765,淋浴,2014/11/10 14:20:46,0.03,246.9
4217,POS消费,地点21,开水,2014/11/10 18:02:47,3.6,243.3
4217,POS消费,地点91,校车,2014/11/10 18:03:37,3.8,239.5
4217,POS消费,地点1819,淋浴,2014/11/10 21:11:12,0.6,238.9
4217,POS消费,地点1765,淋浴,2014/11/10 21:30:51,0.03,238.87
4217,POS消费,地点21,开水,2014/11/11 08:02:19,4.6,234.27
4217,POS消费,地点21,开水,2014/11/11 10:16:04,5.1,229.17
4217,POS消费,地点1765,淋浴,2014/11/11 10:36:53,0.02,229.15
4217,POS消费,地点1765,淋浴,2014/11/11 10:54:50,0.05,229.1
4217,POS消费,地点21,开水,2014/11/11 17:18:27,3.1,226.0
4217,POS消费,地点91,校车,2014/11/11 17:19:02,3.5,222.5
4217,POS消费,地点21,开水,2014/11/11 17:27:20,4.0,218.5
4217,POS消费,地点21,开水,2014/11/12 08:31:48,4.6,213.9
4217,POS消费,地点232,食堂,2014/11/12 11:37:27,5.6,208.3
4217,POS消费,地点21,开水,2014/11/12 17:42:21,3.6,204.7
4217,POS消费,地点91,校车,2014/11/12 17:43:25,3.5,201.2
4217,POS消费,地点21,开水,2014/11/12 17:51:45,3.4,197.8
4217,POS消费,地点1819,淋浴,2014/11/12 19:10:06,0.7,197.1
4217,POS消费,地点1765,淋浴,2014/11/12 19:42:14,0.03,197.07
4217,POS消费,地点21,开水,2014/11/13 08:06:08,3.8,193.27
4217,POS消费,地点21,开水,2014/11/13 12:04:10,3.1,190.17
4217,POS消费,地点91,校车,2014/11/13 12:05:07,3.9,186.27
4217,POS消费,地点1765,淋浴,2014/11/13 15:37:06,0.03,186.24
4217,POS消费,地点21,开水,2014/11/13 17:26:05,2.6,183.64
4217,POS消费,地点91,校车,2014/11/13 17:26:43,3.3,180.34
4217,POS消费,地点21,开水,2014/11/13 17:38:32,4.8,175.54
4217,POS消费,地点1765,淋浴,2014/11/13 17:41:51,0.02,175.52
4217,POS消费,地点1765,淋浴,2014/11/13 20:59:55,0.02,175.5
4217,POS消费,地点1765,淋浴,2014/11/14 10:26:25,0.03,175.47
4217,POS消费,地点21,开水,2014/11/14 11:27:49,3.6,171.87
4217,POS消费,地点91,校车,2014/11/14 11:28:14,3.3,168.57
4217,POS消费,地点1765,淋浴,2014/11/14 12:24:48,0.03,168.54
4217,POS消费,地点1819,淋浴,2014/11/14 16:45:03,0.4,168.14
4217,POS消费,地点21,开水,2014/11/14 18:11:08,2.6,165.54
4217,POS消费,地点91,校车,2014/11/14 18:11:38,4.0,161.54
4217,POS消费,地点21,开水,2014/11/14 18:21:23,6.6,154.94
4217,POS消费,地点1765,淋浴,2014/11/14 18:26:51,0.03,154.91
4217,POS消费,地点21,开水,2014/11/15 08:13:50,4.3,150.61
4217,POS消费,地点21,开水,2014/11/15 11:59:32,7.7,142.91
4217,POS消费,地点1765,淋浴,2014/11/15 16:07:59,0.02,142.89
4217,POS消费,地点91,校车,2014/11/15 17:46:20,9.0,133.89
4217,POS消费,地点21,开水,2014/11/15 17:59:27,4.0,129.89
4217,POS消费,地点1765,淋浴,2014/11/15 23:13:26,0.01,129.88
4217,POS消费,地点1765,淋浴,2014/11/16 10:03:38,0.02,129.86
4217,POS消费,地点232,食堂,2014/11/16 11:12:19,10.0,119.86
4217,POS消费,地点1765,淋浴,2014/11/16 11:31:53,0.03,119.83
4217,POS消费,地点1765,淋浴,2014/11/16 13:05:31,0.02,119.81
4217,POS消费,地点1765,淋浴,2014/11/16 15:41:18,0.02,119.79
4217,POS消费,地点1765,淋浴,2014/11/16 19:28:03,0.02,119.77
4217,POS消费,地点1819,淋浴,2014/11/16 20:03:32,0.8,118.97
4217,POS消费,地点1765,淋浴,2014/11/16 20:25:09,0.02,118.95
4217,POS消费,地点1765,淋浴,2014/11/16 20:43:00,0.03,118.92
4217,POS消费,地点21,开水,2014/11/17 08:21:26,3.8,115.12
4217,POS消费,地点21,开水,2014/11/17 12:05:43,3.4,111.72
4217,POS消费,地点91,校车,2014/11/17 12:06:22,4.1,107.62
4217,POS消费,地点1765,淋浴,2014/11/17 12:21:22,0.03,107.59
4217,POS消费,地点1765,淋浴,2014/11/17 16:40:37,0.02,107.57
4217,POS消费,地点21,开水,2014/11/17 17:30:37,2.4,105.17
4217,POS消费,地点91,校车,2014/11/17 17:31:11,3.6,101.57
4217,POS消费,地点21,开水,2014/11/17 17:40:38,4.3,97.27
4217,POS消费,地点1765,淋浴,2014/11/17 17:51:39,0.02,97.25
4217,POS消费,地点1765,淋浴,2014/11/18 07:55:04,0.02,97.23
4217,POS消费,地点1765,淋浴,2014/11/18 07:55:18,0.02,97.21
4217,POS消费,地点21,开水,2014/11/18 08:05:56,3.8,93.41
4217,POS消费,地点21,开水,2014/11/18 09:54:12,12.2,81.21
4217,POS消费,地点21,开水,2014/11/18 09:54:20,6.5,74.71
4217,POS消费,地点1765,淋浴,2014/11/18 11:24:16,0.04,74.67
4217,POS消费,地点1819,淋浴,2014/11/18 19:59:37,0.6,74.07
4217,POS消费,地点1765,淋浴,2014/11/18 20:19:20,0.03,74.04
4217,POS消费,地点1765,淋浴,2014/11/18 21:33:56,0.02,74.02
4217,POS消费,地点1765,淋浴,2014/11/19 10:15:43,0.04,73.98
4217,POS消费,地点21,开水,2014/11/19 11:19:23,4.4,69.58
4217,POS消费,地点91,校车,2014/11/19 11:20:09,3.6,65.98
4217,POS消费,地点21,开水,2014/11/19 11:30:46,2.0,63.98
4217,POS消费,地点1765,淋浴,2014/11/19 11:34:52,0.02,63.96
4217,POS消费,地点1774,开水,2014/11/19 18:06:23,0.03,63.93
4217,POS消费,地点1765,淋浴,2014/11/20 09:45:05,0.02,63.91
4217,POS消费,地点21,开水,2014/11/20 09:56:12,3.0,60.91
4217,POS消费,地点21,开水,2014/11/20 12:09:47,7.5,53.41
4217,POS消费,地点1765,淋浴,2014/11/20 12:16:18,0.06,53.35
4217,POS消费,地点21,开水,2014/11/20 17:10:11,4.4,48.95
4217,POS消费,地点91,校车,2014/11/20 17:11:21,3.9,45.05
4217,POS消费,地点21,开水,2014/11/20 17:19:14,2.2,42.85
4217,POS消费,地点1765,淋浴,2014/11/20 21:40:00,0.02,42.83
4217,POS消费,地点1765,淋浴,2014/11/20 21:48:57,0.02,42.81
4217,POS消费,地点1765,淋浴,2014/11/20 22:53:48,0.15,42.66
4217,POS消费,地点1765,淋浴,2014/11/21 10:17:09,0.18,42.48
4217,POS消费,地点1765,淋浴,2014/11/21 10:31:33,0.04,42.44
4217,POS消费,地点21,开水,2014/11/21 12:15:37,3.4,39.04
4217,POS消费,地点91,校车,2014/11/21 12:16:40,3.8,35.24
4217,POS消费,地点1765,淋浴,2014/11/21 12:29:44,0.03,35.21
4217,POS消费,地点91,校车,2014/11/21 17:42:57,5.0,30.21
4217,POS消费,地点21,开水,2014/11/21 17:57:16,8.1,22.11
4217,POS消费,地点1765,淋浴,2014/11/21 21:32:26,0.02,22.09
4217,POS消费,地点21,开水,2014/11/22 07:58:57,3.8,18.29
4217,POS消费,地点21,开水,2014/11/22 11:14:28,2.4,15.89
4217,POS消费,地点91,校车,2014/11/22 11:14:55,3.9,11.99
4217,卡充值,,,2014/11/22 11:24:51,400.0,411.99
4217,POS消费,地点1765,淋浴,2014/11/22 11:32:26,0.04,411.95
4217,POS消费,地点1765,淋浴,2014/11/22 15:17:31,0.02,411.93
4217,POS消费,地点21,开水,2014/11/22 17:18:42,5.4,406.53
4217,POS消费,地点21,开水,2014/11/22 17:29:25,6.2,400.33
4217,POS消费,地点1819,淋浴,2014/11/22 22:44:10,0.8,399.53
4217,POS消费,地点1765,淋浴,2014/11/22 23:02:18,0.05,399.48
4217,POS消费,地点1765,淋浴,2014/11/23 09:42:47,0.04,399.44
4217,POS消费,地点21,开水,2014/11/23 11:31:44,3.6,395.84
4217,POS消费,地点91,校车,2014/11/23 11:32:12,4.0,391.84
4217,POS消费,地点21,开水,2014/11/23 11:41:57,2.0,389.84
4217,POS消费,地点1765,淋浴,2014/11/23 11:50:41,0.02,389.82
4217,POS消费,地点1765,淋浴,2014/11/23 15:47:20,0.05,389.77
4217,POS消费,地点91,校车,2014/11/23 17:41:40,14.0,375.77
4217,POS消费,地点1765,淋浴,2014/11/24 08:21:05,0.03,375.74
4217,POS消费,地点21,开水,2014/11/24 08:27:31,3.8,371.94
4217,POS消费,地点21,开水,2014/11/24 11:17:10,4.4,367.54
4217,POS消费,地点21,开水,2014/11/24 11:25:39,3.4,364.14
4217,POS消费,地点21,开水,2014/11/24 18:01:08,3.0,361.14
4217,POS消费,地点21,开水,2014/11/24 18:01:13,0.4,360.74
4217,POS消费,地点91,校车,2014/11/24 18:01:48,3.0,357.74
4217,POS消费,地点21,开水,2014/11/24 18:11:35,1.2,356.54
4217,POS消费,地点1765,淋浴,2014/11/24 20:39:24,0.02,356.52
4217,POS消费,地点1819,淋浴,2014/11/24 21:21:19,0.8,355.72
4217,POS消费,地点1765,淋浴,2014/11/24 21:42:21,0.03,355.69
4217,POS消费,地点1765,淋浴,2014/11/25 08:25:46,0.02,355.67
4217,POS消费,地点21,开水,2014/11/25 08:43:02,3.8,351.87
4217,POS消费,地点21,开水,2014/11/25 12:04:41,2.9,348.97
4217,POS消费,地点91,校车,2014/11/25 12:05:42,4.2,344.77
4217,POS消费,地点1765,淋浴,2014/11/25 12:18:31,0.02,344.75
4217,POS消费,地点21,开水,2014/11/25 16:11:26,4.3,340.45
4217,POS消费,地点1765,淋浴,2014/11/25 17:27:52,0.05,340.4
4217,POS消费,地点21,开水,2014/11/26 08:22:28,4.8,335.6
4217,POS消费,地点21,开水,2014/11/26 12:01:24,4.4,331.2
4217,POS消费,地点91,校车,2014/11/26 12:02:23,3.9,327.3
4217,POS消费,地点1765,淋浴,2014/11/26 12:17:37,0.02,327.28
4217,POS消费,地点1819,淋浴,2014/11/26 16:14:19,0.7,326.58
4217,POS消费,地点21,开水,2014/11/26 17:40:40,4.4,322.18
4217,POS消费,地点91,校车,2014/11/26 17:41:13,4.1,318.08
4217,POS消费,地点1765,淋浴,2014/11/26 17:59:17,0.02,318.06
4217,POS消费,地点1765,淋浴,2014/11/26 18:06:03,0.03,318.03
4217,POS消费,地点1765,淋浴,2014/11/26 20:15:06,0.02,318.01
4217,POS消费,地点21,开水,2014/11/27 08:19:32,4.3,313.71
4217,POS消费,地点21,开水,2014/11/27 11:43:25,4.6,309.11
4217,POS消费,地点21,开水,2014/11/27 11:52:35,4.0,305.11
4217,POS消费,地点21,开水,2014/11/27 17:37:51,3.4,301.71
4217,POS消费,地点21,开水,2014/11/27 17:47:45,3.6,298.11
4217,POS消费,地点1765,淋浴,2014/11/27 18:08:41,0.02,298.09
4217,POS消费,地点21,开水,2014/11/28 08:36:59,3.8,294.29
4217,POS消费,地点21,开水,2014/11/28 12:07:07,5.4,288.89
4217,POS消费,地点1765,淋浴,2014/11/28 12:26:15,0.04,288.85
4217,POS消费,地点1819,淋浴,2014/11/28 14:41:08,0.9,287.95
4217,POS消费,地点21,开水,2014/11/28 17:31:12,4.4,283.55
4217,POS消费,地点91,校车,2014/11/28 17:31:46,3.7,279.85
4217,POS消费,地点1765,淋浴,2014/11/28 17:50:16,0.02,279.83
4217,POS消费,地点21,开水,2014/11/28 19:48:23,6.6,273.23
4217,POS消费,地点1765,淋浴,2014/11/28 20:10:58,0.02,273.21
4217,POS消费,地点21,开水,2014/11/29 08:04:16,5.3,267.91
4217,POS消费,地点21,开水,2014/11/29 11:33:43,4.4,263.51
4217,POS消费,地点21,开水,2014/11/29 11:41:52,4.0,259.51
4217,POS消费,地点91,校车,2014/11/29 17:58:16,9.0,250.51
4217,POS消费,地点21,开水,2014/11/29 18:08:30,4.8,245.71
4217,POS消费,地点1765,淋浴,2014/11/29 22:42:12,0.2,245.51
4217,POS消费,地点1765,淋浴,2014/11/30 09:32:31,0.18,245.33
4217,POS消费,地点1765,淋浴,2014/11/30 09:47:37,0.02,245.31
4217,POS消费,地点21,开水,2014/11/30 11:42:12,4.6,240.71
4217,POS消费,地点91,校车,2014/11/30 11:42:42,3.9,236.81
4217,POS消费,地点21,开水,2014/11/30 17:15:40,5.4,231.41
4217,POS消费,地点21,开水,2014/11/30 17:27:06,4.0,227.41
4217,POS消费,地点1765,淋浴,2014/11/30 19:14:26,0.02,227.39
4217,POS消费,地点1765,淋浴,2014/11/30 23:02:29,0.02,227.37
4217,POS消费,地点1765,淋浴,2014/12/01 09:27:02,0.02,227.35
4217,POS消费,地点1765,淋浴,2014/12/01 09:55:34,0.02,227.33
4217,POS消费,地点21,开水,2014/12/01 11:27:15,4.6,222.73
4217,POS消费,地点91,校车,2014/12/01 11:27:54,4.1,218.63
4217,POS消费,地点1765,淋浴,2014/12/01 11:39:19,0.02,218.61
4217,POS消费,地点1819,淋浴,2014/12/01 15:33:10,0.1,218.51
4217,POS消费,地点1765,淋浴,2014/12/01 15:36:19,0.03,218.48
4217,POS消费,地点1819,淋浴,2014/12/01 15:37:04,0.1,218.38
4217,POS消费,地点1819,淋浴,2014/12/01 16:09:54,0.1,218.28
4217,POS消费,地点1819,淋浴,2014/12/01 16:48:55,0.1,218.18
4217,POS消费,地点1819,淋浴,2014/12/01 17:02:59,0.1,218.08
4217,POS消费,地点21,开水,2014/12/01 17:42:40,2.9,215.18
4217,POS消费,地点91,校车,2014/12/01 17:43:17,3.8,211.38
4217,POS消费,地点1819,淋浴,2014/12/01 17:54:01,0.1,211.28
4217,POS消费,地点1765,淋浴,2014/12/01 17:56:31,0.03,211.25
4217,POS消费,地点1819,淋浴,2014/12/01 17:57:09,0.6,210.65
4217,POS消费,地点1765,淋浴,2014/12/02 08:59:24,0.04,210.61
4217,POS消费,地点1765,淋浴,2014/12/02 10:33:08,0.03,210.58
4217,POS消费,地点21,开水,2014/12/02 11:25:51,3.6,206.98
4217,POS消费,地点21,开水,2014/12/02 11:26:14,5.0,201.98
4217,POS消费,地点21,开水,2014/12/02 11:35:25,2.6,199.38
4217,POS消费,地点1765,淋浴,2014/12/02 11:39:21,0.02,199.36
4217,POS消费,地点1765,淋浴,2014/12/02 16:10:36,0.03,199.33
4217,POS消费,地点91,校车,2014/12/02 17:11:55,5.0,194.33
4217,POS消费,地点21,开水,2014/12/02 17:20:52,2.6,191.73
4217,POS消费,地点1765,淋浴,2014/12/02 17:24:08,0.02,191.71
4217,POS消费,地点1765,淋浴,2014/12/02 17:59:14,0.02,191.69
4217,POS消费,地点1765,淋浴,2014/12/02 19:23:03,0.03,191.66
4217,POS消费,地点1765,淋浴,2014/12/02 20:53:59,0.02,191.64
4217,POS消费,地点1765,淋浴,2014/12/02 21:31:54,0.02,191.62
4217,POS消费,地点1765,淋浴,2014/12/02 22:57:34,0.02,191.6
4217,POS消费,地点1765,淋浴,2014/12/03 08:54:29,0.03,191.57
4217,POS消费,地点1765,淋浴,2014/12/03 10:03:55,0.02,191.55
4217,POS消费,地点232,食堂,2014/12/03 11:38:59,7.0,184.55
4217,POS消费,地点21,开水,2014/12/03 11:48:39,4.2,180.35
4217,POS消费,地点1765,淋浴,2014/12/03 14:33:31,0.02,180.33
4217,POS消费,地点1819,淋浴,2014/12/03 15:33:34,0.1,180.23
4217,POS消费,地点1819,淋浴,2014/12/03 15:36:45,1.4,178.83
4217,POS消费,地点1765,淋浴,2014/12/03 16:13:35,0.02,178.81
4217,POS消费,地点91,校车,2014/12/03 17:25:46,5.0,173.81
4217,POS消费,地点91,校车,2014/12/03 17:27:43,3.0,170.81
4217,POS消费,地点21,开水,2014/12/03 17:36:32,1.2,169.61
4217,POS消费,地点1765,淋浴,2014/12/03 17:39:39,0.02,169.59
4217,POS消费,地点1765,淋浴,2014/12/03 17:49:05,0.02,169.57
4217,POS消费,地点1765,淋浴,2014/12/03 18:59:24,0.03,169.54
4217,POS消费,地点1765,淋浴,2014/12/03 21:57:34,0.02,169.52
4217,POS消费,地点1765,淋浴,2014/12/03 22:53:01,0.02,169.5
4217,POS消费,地点1765,淋浴,2014/12/04 09:31:56,0.02,169.48
4217,POS消费,地点1765,淋浴,2014/12/04 10:20:35,0.01,169.47
4217,POS消费,地点21,开水,2014/12/04 11:43:06,3.4,166.07
4217,POS消费,地点91,校车,2014/12/04 11:43:57,3.6,162.47
4217,POS消费,地点1765,淋浴,2014/12/04 15:54:07,0.02,162.45
4217,POS消费,地点1765,淋浴,2014/12/04 17:22:45,0.02,162.43
4217,POS消费,地点91,校车,2014/12/04 18:03:11,5.0,157.43
4217,POS消费,地点91,校车,2014/12/04 18:07:51,3.0,154.43
4217,POS消费,地点21,开水,2014/12/04 18:27:03,2.0,152.43
4217,POS消费,地点1765,淋浴,2014/12/04 18:31:37,0.03,152.4
4217,POS消费,地点1765,淋浴,2014/12/04 19:58:19,0.02,152.38
4217,POS消费,地点1765,淋浴,2014/12/05 09:05:32,0.17,152.21
4217,POS消费,地点1765,淋浴,2014/12/05 09:20:57,0.02,152.19
4217,POS消费,地点21,开水,2014/12/05 09:58:34,2.6,149.59
4217,POS消费,地点21,开水,2014/12/05 12:04:49,2.9,146.69
4217,POS消费,地点91,校车,2014/12/05 12:06:00,4.7,141.99
4217,POS消费,地点1765,淋浴,2014/12/05 12:21:59,0.02,141.97
4217,POS消费,地点1765,淋浴,2014/12/05 16:24:15,0.02,141.95
4217,POS消费,地点91,校车,2014/12/05 17:57:25,5.0,136.95
4217,POS消费,地点21,开水,2014/12/05 18:07:58,2.5,134.45
4217,POS消费,地点1765,淋浴,2014/12/05 18:17:57,0.02,134.43
4217,POS消费,地点1765,淋浴,2014/12/05 19:05:10,0.03,134.4
4217,POS消费,地点21,开水,2014/12/06 08:12:33,3.8,130.6
4217,POS消费,地点21,开水,2014/12/06 11:27:28,4.4,126.2
4217,POS消费,地点21,开水,2014/12/06 11:38:41,3.0,123.2
4217,POS消费,地点21,开水,2014/12/06 18:03:46,3.4,119.8
4217,POS消费,地点21,开水,2014/12/06 18:04:01,3.6,116.2
4217,POS消费,地点21,开水,2014/12/06 18:16:07,3.0,113.2
4217,POS消费,地点1765,淋浴,2014/12/06 18:20:23,0.02,113.18
4217,POS消费,地点1819,淋浴,2014/12/06 20:59:57,0.8,112.38
4217,POS消费,地点1765,淋浴,2014/12/06 21:24:59,0.02,112.36
4217,POS消费,地点1765,淋浴,2014/12/06 21:55:04,0.03,112.33
4217,POS消费,地点1765,淋浴,2014/12/07 10:13:04,0.04,112.29
4217,POS消费,地点21,开水,2014/12/07 11:37:52,3.6,108.69
4217,POS消费,地点21,开水,2014/12/07 11:38:41,4.4,104.29
4217,POS消费,地点21,开水,2014/12/07 11:48:38,2.9,101.39
4217,POS消费,地点1765,淋浴,2014/12/07 13:03:35,0.03,101.36
4217,POS消费,地点91,校车,2014/12/07 17:57:05,5.0,96.36
4217,POS消费,地点21,开水,2014/12/07 18:10:16,1.0,95.36
4217,POS消费,地点1765,淋浴,2014/12/07 19:02:45,0.02,95.34
4217,POS消费,地点1765,淋浴,2014/12/07 21:08:18,0.03,95.31
4217,POS消费,地点1765,淋浴,2014/12/08 09:08:51,0.02,95.29
4217,POS消费,地点21,开水,2014/12/08 11:53:35,4.6,90.69
4217,POS消费,地点91,校车,2014/12/08 11:54:41,4.1,86.59
4217,POS消费,地点1819,淋浴,2014/12/08 13:58:10,0.1,86.49
4217,POS消费,地点1819,淋浴,2014/12/08 14:41:32,0.6,85.89
4217,POS消费,地点21,开水,2014/12/08 16:05:44,3.0,82.89
4217,POS消费,地点21,开水,2014/12/08 17:12:39,4.6,78.29
4217,POS消费,地点232,食堂,2014/12/08 17:14:10,2.0,76.29
4217,POS消费,地点21,开水,2014/12/09 08:07:55,3.3,72.99
4217,POS消费,地点21,开水,2014/12/09 08:08:06,3.8,69.19
4217,POS消费,地点21,开水,2014/12/09 10:03:27,4.3,64.89
4217,POS消费,地点1765,淋浴,2014/12/09 11:40:35,0.05,64.84
4217,POS消费,地点1765,淋浴,2014/12/09 13:05:46,0.02,64.82
4217,POS消费,地点1765,淋浴,2014/12/09 14:53:22,0.02,64.8
4217,POS消费,地点91,校车,2014/12/09 18:10:24,7.5,57.3
4217,POS消费,地点1765,淋浴,2014/12/09 21:16:16,0.03,57.27
4217,POS消费,地点1765,淋浴,2014/12/10 09:45:03,0.02,57.25
4217,POS消费,地点21,开水,2014/12/10 10:00:02,4.8,52.45
4217,POS消费,地点21,开水,2014/12/10 11:48:15,6.6,45.85
4217,POS消费,地点1765,淋浴,2014/12/10 15:46:23,0.02,45.83
4217,POS消费,地点91,校车,2014/12/10 17:47:03,9.0,36.83
4217,POS消费,地点26,图书馆,2014/12/10 17:48:41,4.1,32.73
4217,POS消费,地点21,开水,2014/12/10 18:05:33,2.9,29.83
4217,POS消费,地点1819,淋浴,2014/12/10 20:45:56,0.7,29.13
4217,POS消费,地点1765,淋浴,2014/12/10 22:35:32,0.03,29.1
4217,POS消费,地点21,开水,2014/12/11 08:20:33,3.8,25.3
4217,POS消费,地点21,开水,2014/12/11 10:14:55,6.6,18.7
4217,POS消费,地点1765,淋浴,2014/12/11 10:19:48,0.02,18.68
4217,POS消费,地点1765,淋浴,2014/12/11 11:31:21,0.03,18.65
4217,POS消费,地点1765,淋浴,2014/12/11 15:24:52,0.02,18.63
4217,卡充值,,,2014/12/11 17:38:06,100.0,118.63
4217,POS消费,地点91,校车,2014/12/11 17:39:19,5.0,113.63
4217,POS消费,地点26,图书馆,2014/12/11 17:47:19,4.6,109.03
4217,POS消费,地点21,开水,2014/12/11 17:56:38,4.6,104.43
4217,POS消费,地点1765,淋浴,2014/12/11 18:04:11,0.02,104.41
4217,POS消费,地点1765,淋浴,2014/12/11 22:57:27,0.07,104.34
4217,POS消费,地点1765,淋浴,2014/12/12 10:09:00,0.02,104.32
4217,POS消费,地点91,校车,2014/12/12 11:42:06,9.0,95.32
4217,POS消费,地点21,开水,2014/12/12 11:52:04,9.1,86.22
4217,POS消费,地点1765,淋浴,2014/12/12 11:56:25,0.02,86.2
4217,POS消费,地点91,校车,2014/12/12 17:39:42,5.0,81.2
4217,POS消费,地点26,图书馆,2014/12/12 17:45:24,4.1,77.1
4217,POS消费,地点1765,淋浴,2014/12/12 18:00:11,0.02,77.08
4217,POS消费,地点1819,淋浴,2014/12/12 20:21:14,0.1,76.98
4217,POS消费,地点1819,淋浴,2014/12/12 20:24:49,0.7,76.28
4217,POS消费,地点1765,淋浴,2014/12/12 21:39:18,0.02,76.26
4217,POS消费,地点21,开水,2014/12/13 11:41:03,4.6,71.66
4217,POS消费,地点21,开水,2014/12/13 11:42:26,3.8,67.86
4217,POS消费,地点91,校车,2014/12/13 17:32:12,9.0,58.86
4217,POS消费,地点1765,淋浴,2014/12/13 21:27:24,0.03,58.83
4217,POS消费,地点1765,淋浴,2014/12/14 09:59:25,0.02,58.81
4217,POS消费,地点21,开水,2014/12/14 11:44:18,4.6,54.21
4217,POS消费,地点21,开水,2014/12/14 11:45:07,3.8,50.41
4217,POS消费,地点91,校车,2014/12/14 17:56:41,9.0,41.41
4217,POS消费,地点1819,淋浴,2014/12/14 20:46:15,0.4,41.01
4217,POS消费,地点1765,淋浴,2014/12/14 21:12:02,0.02,40.99
4217,POS消费,地点1765,淋浴,2014/12/15 09:05:07,0.04,40.95
4217,POS消费,地点21,开水,2014/12/15 11:38:44,4.6,36.35
4217,POS消费,地点91,校车,2014/12/15 11:39:38,3.8,32.55
4217,卡充值,,,2014/12/15 11:49:50,500.0,532.55
4217,POS消费,地点1765,淋浴,2014/12/15 11:54:01,0.02,532.53
4217,POS消费,地点91,校车,2014/12/15 17:16:51,5.6,526.93
4217,POS消费,地点248,超市,2014/12/15 17:29:37,2.9,524.03
4217,POS消费,地点21,开水,2014/12/15 20:54:06,3.5,520.53
4217,POS消费,地点1765,淋浴,2014/12/15 21:06:58,0.01,520.52
4217,POS消费,地点1765,淋浴,2014/12/16 10:05:25,0.01,520.51
4217,POS消费,地点21,开水,2014/12/16 12:00:33,4.4,516.11
4217,POS消费,地点1819,淋浴,2014/12/16 17:01:15,0.1,516.01
4217,POS消费,地点91,校车,2014/12/16 17:23:46,9.0,507.01
4217,POS消费,地点21,开水,2014/12/16 17:32:37,2.9,504.11
4217,POS消费,地点1819,淋浴,2014/12/16 19:44:35,0.5,503.61
4217,POS消费,地点1765,淋浴,2014/12/17 08:48:37,0.09,503.52
4217,POS消费,地点21,开水,2014/12/17 12:30:31,6.9,496.62
4217,POS消费,地点1765,淋浴,2014/12/17 12:36:14,0.03,496.59
4217,POS消费,地点91,校车,2014/12/17 18:00:46,5.4,491.19
4217,POS消费,地点21,开水,2014/12/17 18:10:52,6.9,484.29
4217,POS消费,地点1765,淋浴,2014/12/18 08:05:16,0.07,484.22
4217,POS消费,地点1765,淋浴,2014/12/18 08:16:19,0.01,484.21
4217,POS消费,地点21,开水,2014/12/18 08:23:01,3.8,480.41
4217,POS消费,地点21,开水,2014/12/18 09:25:29,3.0,477.41
4217,POS消费,地点1765,淋浴,2014/12/18 12:11:31,0.02,477.39
4217,POS消费,地点91,校车,2014/12/18 17:19:37,9.0,468.39
4217,POS消费,地点1819,淋浴,2014/12/18 21:23:52,0.5,467.89
4217,POS消费,地点1765,淋浴,2014/12/18 21:51:36,0.02,467.87
4217,POS消费,地点1765,淋浴,2014/12/19 10:21:24,0.08,467.79
4217,POS消费,地点91,校车,2014/12/19 17:14:13,9.0,458.79
4217,POS消费,地点21,开水,2014/12/19 17:22:50,2.8,455.99
4217,POS消费,地点1765,淋浴,2014/12/20 09:52:29,0.09,455.9
4217,POS消费,地点232,食堂,2014/12/20 17:22:10,5.6,450.3
4217,POS消费,地点21,开水,2014/12/20 17:30:06,2.8,447.5
4217,POS消费,地点1819,淋浴,2014/12/20 17:38:44,0.1,447.4
4217,POS消费,地点1819,淋浴,2014/12/20 17:39:36,0.2,447.2
4217,POS消费,地点1819,淋浴,2014/12/20 18:05:10,0.5,446.7
4217,POS消费,地点1765,淋浴,2014/12/21 09:42:16,0.09,446.61
4217,POS消费,地点91,校车,2014/12/21 17:23:41,9.0,437.61
4217,POS消费,地点21,开水,2014/12/21 17:33:05,3.3,434.31
4217,POS消费,地点1765,淋浴,2014/12/22 09:43:53,0.11,434.2
4217,POS消费,地点91,校车,2014/12/22 11:32:14,6.0,428.2
4217,POS消费,地点21,开水,2014/12/22 11:46:35,2.8,425.4
4217,POS消费,地点91,校车,2014/12/22 17:43:23,9.0,416.4
4217,POS消费,地点1819,淋浴,2014/12/22 18:09:52,0.4,416.0
4217,POS消费,地点1765,淋浴,2014/12/22 20:35:46,0.02,415.98
4217,POS消费,地点1765,淋浴,2014/12/22 22:00:35,0.02,415.96
4217,POS消费,地点1765,淋浴,2014/12/23 10:05:34,0.11,415.85
4217,POS消费,地点1765,淋浴,2014/12/23 13:28:02,0.03,415.82
4217,POS消费,地点1765,淋浴,2014/12/23 14:42:51,0.01,415.81
4217,POS消费,地点91,校车,2014/12/23 17:20:04,5.0,410.81
4217,POS消费,地点1765,淋浴,2014/12/24 09:12:34,0.1,410.71
4217,卡充值,,,2014/12/24 11:33:16,200.0,610.71
4217,POS消费,地点21,开水,2014/12/24 11:34:59,7.5,603.21
4217,POS消费,地点1765,淋浴,2014/12/24 17:02:41,0.02,603.19
4217,POS消费,地点21,开水,2014/12/24 17:42:57,4.4,598.79
4217,POS消费,地点1765,淋浴,2014/12/24 21:09:33,0.02,598.77
4217,POS消费,地点1819,淋浴,2014/12/24 21:10:26,0.5,598.27
4217,POS消费,地点1765,淋浴,2014/12/24 22:46:23,0.02,598.25
4217,POS消费,地点1765,淋浴,2014/12/25 10:21:41,0.09,598.16
4217,POS消费,地点91,校车,2014/12/25 17:59:06,9.0,589.16
4217,POS消费,地点21,开水,2014/12/25 21:32:15,2.8,586.36
4217,POS消费,地点1765,淋浴,2014/12/25 22:53:35,0.09,586.27
4217,POS消费,地点1765,淋浴,2014/12/26 09:08:36,0.1,586.17
4217,POS消费,地点91,校车,2014/12/26 11:45:34,10.6,575.57
4217,POS消费,地点21,开水,2014/12/26 11:56:15,2.6,572.97
4217,POS消费,地点1765,淋浴,2014/12/26 14:45:17,0.03,572.94
4217,POS消费,地点91,校车,2014/12/26 17:52:12,5.0,567.94
4217,POS消费,地点21,开水,2014/12/26 18:05:12,2.8,565.14
4217,POS消费,地点1819,淋浴,2014/12/26 22:15:09,0.5,564.64
4217,POS消费,地点1765,淋浴,2014/12/27 09:02:05,0.15,564.49
4217,POS消费,地点21,开水,2014/12/27 12:11:05,7.2,557.29
4217,POS消费,地点1765,淋浴,2014/12/27 12:20:46,0.07,557.22
4217,POS消费,地点1765,淋浴,2014/12/27 14:05:49,0.02,557.2
4217,POS消费,地点21,开水,2014/12/27 20:45:41,9.3,547.9
4217,POS消费,地点1765,淋浴,2014/12/28 11:17:58,0.02,547.88
4217,POS消费,地点21,开水,2014/12/28 16:46:11,9.3,538.58
4217,POS消费,地点1819,淋浴,2014/12/28 17:10:34,0.5,538.08
4217,POS消费,地点1765,淋浴,2014/12/28 21:04:42,0.02,538.06
4217,POS消费,地点1765,淋浴,2014/12/29 10:54:08,0.02,538.04
4217,POS消费,地点21,开水,2014/12/29 11:54:28,5.4,532.64
4217,POS消费,地点91,校车,2014/12/29 11:55:31,3.5,529.14
4217,POS消费,地点21,开水,2014/12/29 17:00:11,9.3,519.84
4217,POS消费,地点1765,淋浴,2014/12/29 19:16:04,0.02,519.82
4217,POS消费,地点1765,淋浴,2014/12/30 09:25:36,0.11,519.71
4217,POS消费,地点21,开水,2014/12/30 12:10:02,5.4,514.31
4217,POS消费,地点1765,淋浴,2014/12/30 12:32:31,0.02,514.29
4217,POS消费,地点1819,淋浴,2014/12/30 15:16:24,0.7,513.59
4217,POS消费,地点21,开水,2014/12/30 22:24:18,2.8,510.79
4217,POS消费,地点1765,淋浴,2014/12/31 11:04:17,0.11,510.68
4217,POS消费,地点91,校车,2014/12/31 17:54:00,11.0,499.68
4217,POS消费,地点21,开水,2014/12/31 18:02:40,3.5,496.18
4217,POS消费,地点21,开水,2015/01/01 13:09:34,4.3,491.88
4217,POS消费,地点1765,淋浴,2015/01/01 13:45:35,0.03,491.85
4217,POS消费,地点1765,淋浴,2015/01/01 14:09:19,0.01,491.84
4217,POS消费,地点1819,淋浴,2015/01/01 16:22:17,0.5,491.34
4217,POS消费,地点1765,淋浴,2015/01/02 11:24:31,0.13,491.21
4217,POS消费,地点1765,淋浴,2015/01/03 08:22:27,0.11,491.1
4217,POS消费,地点21,开水,2015/01/03 08:36:04,2.6,488.5
4217,POS消费,地点1765,淋浴,2015/01/03 20:35:34,0.02,488.48
4217,POS消费,地点1819,淋浴,2015/01/03 20:49:53,0.6,487.88
4217,POS消费,地点1765,淋浴,2015/01/03 21:31:39,0.02,487.86
4217,POS消费,地点1765,淋浴,2015/01/04 10:21:18,0.11,487.75
4217,POS消费,地点1765,淋浴,2015/01/04 13:56:33,0.01,487.74
4217,POS消费,地点21,开水,2015/01/04 19:08:05,2.8,484.94
4217,POS消费,地点1765,淋浴,2015/01/05 09:47:43,0.13,484.81
4217,POS消费,地点91,校车,2015/01/05 17:40:10,12.0,472.81
4217,POS消费,地点21,开水,2015/01/05 17:49:46,3.3,469.51
4217,POS消费,地点1819,淋浴,2015/01/05 17:56:08,0.5,469.01
4217,POS消费,地点1765,淋浴,2015/01/06 09:50:23,0.1,468.91
4217,POS消费,地点91,校车,2015/01/06 12:11:01,5.0,463.91
4217,POS消费,地点26,图书馆,2015/01/06 12:15:01,4.3,459.61
4217,POS消费,地点21,开水,2015/01/06 12:22:34,10.3,449.31
4217,POS消费,地点1765,淋浴,2015/01/06 12:26:08,0.02,449.29
4217,POS消费,地点1765,淋浴,2015/01/06 15:13:19,0.01,449.28
4217,POS消费,地点232,食堂,2015/01/06 17:53:21,7.6,441.68
4217,POS消费,地点91,校车,2015/01/06 18:06:15,6.3,435.38
4217,POS消费,地点21,开水,2015/01/06 18:07:35,2.8,432.58
4217,POS消费,地点1765,淋浴,2015/01/07 08:47:59,0.11,432.47
4217,POS消费,地点232,食堂,2015/01/07 11:52:27,7.6,424.87
4217,POS消费,地点232,食堂,2015/01/07 11:54:27,0.2,424.67
4217,POS消费,地点1819,淋浴,2015/01/07 14:53:31,0.1,424.57
4217,POS消费,地点1819,淋浴,2015/01/07 15:54:30,0.4,424.17
4217,POS消费,地点232,食堂,2015/01/07 17:40:29,7.6,416.57
4217,POS消费,地点232,食堂,2015/01/07 17:43:37,0.2,416.37
4217,POS消费,地点1765,淋浴,2015/01/08 08:33:46,0.1,416.27
4217,POS消费,地点21,开水,2015/01/08 08:45:51,4.6,411.67
4217,POS消费,地点21,开水,2015/01/08 11:43:41,4.4,407.27
4217,POS消费,地点232,食堂,2015/01/08 17:55:07,7.6,399.67
4217,POS消费,地点232,食堂,2015/01/08 17:57:45,0.2,399.47
4217,POS消费,地点21,开水,2015/01/08 18:14:42,2.8,396.67
4217,POS消费,地点1765,淋浴,2015/01/09 11:44:22,0.09,396.58
4217,POS消费,地点21,开水,2015/01/09 12:01:33,2.8,393.78
4217,POS消费,地点91,校车,2015/01/09 12:03:34,9.0,384.78
4217,POS消费,地点21,开水,2015/01/09 15:23:25,4.3,380.48
4217,POS消费,地点1819,淋浴,2015/01/09 17:14:19,0.2,380.28
4217,POS消费,地点1765,淋浴,2015/01/09 17:50:32,0.03,380.25
4217,POS消费,地点1819,淋浴,2015/01/09 17:55:50,0.6,379.65
4217,POS消费,地点1765,淋浴,2015/01/10 08:34:04,0.23,379.42
4217,POS消费,地点21,开水,2015/01/10 08:46:41,4.63,374.79
4217,POS消费,地点21,开水,2015/01/10 08:46:49,-4.63,379.42
4217,POS消费,地点21,开水,2015/01/10 08:46:52,4.6,374.82
4217,POS消费,地点21,开水,2015/01/10 11:42:52,9.3,365.52
4217,POS消费,地点232,食堂,2015/01/10 17:16:31,7.6,357.92
4217,POS消费,地点232,食堂,2015/01/10 17:18:10,0.2,357.72
4217,POS消费,地点1765,淋浴,2015/01/10 17:36:44,0.01,357.71
4217,POS消费,地点1765,淋浴,2015/01/11 10:11:36,0.1,357.61
4217,POS消费,地点1765,淋浴,2015/01/11 10:18:27,0.01,357.6
4217,POS消费,地点21,开水,2015/01/11 13:57:33,2.8,354.8
4217,POS消费,地点1819,淋浴,2015/01/11 16:48:09,0.6,354.2
4217,POS消费,地点232,食堂,2015/01/11 17:32:19,10.6,343.6
4217,POS消费,地点232,食堂,2015/01/11 17:33:16,0.2,343.4
4217,POS消费,地点21,开水,2015/01/11 17:48:30,5.9,337.5
4217,POS消费,地点21,开水,2015/01/12 14:45:03,7.1,330.4
4217,POS消费,地点1765,淋浴,2015/01/12 14:59:14,0.11,330.29
4217,POS消费,地点21,开水,2015/01/12 22:09:40,3.0,327.29
4217,POS消费,地点1765,淋浴,2015/01/13 09:07:38,0.12,327.17
4217,POS消费,地点232,食堂,2015/01/13 11:55:27,7.6,319.57
4217,POS消费,地点1819,淋浴,2015/01/13 16:11:56,0.5,319.07
4217,POS消费,地点232,食堂,2015/01/13 17:55:53,7.6,311.47
4217,POS消费,地点1765,淋浴,2015/01/14 08:32:54,0.1,311.37
4217,POS消费,地点21,开水,2015/01/14 08:48:58,4.6,306.77
4217,POS消费,地点21,开水,2015/01/14 11:43:46,5.3,301.47
4217,POS消费,地点232,食堂,2015/01/14 17:48:26,7.6,293.87
4217,POS消费,地点232,食堂,2015/01/14 17:51:46,0.2,293.67
4217,POS消费,地点21,开水,2015/01/14 18:08:07,2.8,290.87
4217,POS消费,地点1765,淋浴,2015/01/15 06:27:35,0.09,290.78
4217,POS消费,地点232,食堂,2015/03/08 17:40:37,5.6,285.18
4217,POS消费,地点21,开水,2015/03/08 17:57:05,30.0,255.18
4217,POS消费,地点21,开水,2015/03/08 17:57:10,9.9,245.28
4217,POS消费,地点1819,淋浴,2015/03/08 22:05:39,0.5,244.78
4217,POS消费,地点91,校车,2015/03/09 12:06:57,9.0,235.78
4217,POS消费,地点232,食堂,2015/03/09 17:39:27,7.6,228.18
4217,POS消费,地点1765,淋浴,2015/03/09 23:26:53,0.08,228.1
4217,POS消费,地点91,校车,2015/03/10 11:38:42,5.0,223.1
4217,POS消费,地点232,食堂,2015/03/10 17:30:56,5.6,217.5
4217,POS消费,地点21,开水,2015/03/10 17:46:10,6.0,211.5
4217,POS消费,地点1819,淋浴,2015/03/10 20:34:22,0.4,211.1
4217,POS消费,地点21,开水,2015/03/11 08:05:25,4.0,207.1
4217,POS消费,地点21,开水,2015/03/11 08:05:32,3.6,203.5
4217,POS消费,地点6,淋浴,2015/03/11 12:05:51,8.0,195.5
4217,POS消费,地点21,开水,2015/03/11 12:27:02,3.3,192.2
4217,POS消费,地点21,开水,2015/03/11 16:56:55,9.0,183.2
4217,POS消费,地点1765,淋浴,2015/03/11 23:03:53,0.11,183.09
4217,POS消费,地点232,食堂,2015/03/12 11:31:43,7.6,175.49
4217,POS消费,地点232,食堂,2015/03/12 11:33:36,0.2,175.29
4217,POS消费,地点6,淋浴,2015/03/12 18:05:44,10.0,165.29
4217,POS消费,地点1819,淋浴,2015/03/12 22:34:20,0.5,164.79
4217,POS消费,地点21,开水,2015/03/13 08:05:00,4.0,160.79
4217,POS消费,地点232,食堂,2015/03/13 11:45:37,5.4,155.39
4217,POS消费,地点91,校车,2015/03/13 17:28:36,5.0,150.39
4217,POS消费,地点21,开水,2015/03/13 17:38:45,3.0,147.39
4217,POS消费,地点21,开水,2015/03/14 18:55:50,12.9,134.49
4217,POS消费,地点21,开水,2015/03/15 11:42:05,6.0,128.49
4217,POS消费,地点21,开水,2015/03/15 18:23:39,6.0,122.49
4217,POS消费,地点21,开水,2015/03/15 18:25:51,3.0,119.49
4217,POS消费,地点1819,淋浴,2015/03/15 18:53:29,0.7,118.79
4217,POS消费,地点91,校车,2015/03/16 12:03:10,4.1,114.69
4217,POS消费,地点21,开水,2015/03/16 12:04:42,5.7,108.99
4217,POS消费,地点21,开水,2015/03/16 16:16:41,9.3,99.69
4217,POS消费,地点1765,淋浴,2015/03/16 23:26:07,0.12,99.57
4217,POS消费,地点232,食堂,2015/03/17 11:22:39,7.6,91.97
4217,POS消费,地点21,开水,2015/03/17 11:38:31,2.8,89.17
4217,POS消费,地点1819,淋浴,2015/03/17 15:05:05,0.1,89.07
4217,POS消费,地点1819,淋浴,2015/03/17 18:30:56,0.1,88.97
4217,POS消费,地点21,开水,2015/03/17 19:47:35,9.3,79.67
4217,POS消费,地点21,开水,2015/03/18 08:12:33,3.6,76.07
4217,POS消费,地点232,食堂,2015/03/18 11:47:36,7.6,68.47
4217,POS消费,地点232,食堂,2015/03/18 11:49:57,0.2,68.27
4217,POS消费,地点91,校车,2015/03/18 16:51:06,5.0,63.27
4217,POS消费,地点91,校车,2015/03/18 16:55:22,1.0,62.27
4217,POS消费,地点21,开水,2015/03/19 11:51:15,5.6,56.67
4217,POS消费,地点1819,淋浴,2015/03/19 16:40:58,0.1,56.57
4217,卡充值,,,2015/03/19 17:14:05,150.0,206.57
4217,POS消费,地点91,校车,2015/03/19 17:15:11,5.0,201.57
4217,POS消费,地点21,开水,2015/03/19 17:24:47,6.1,195.47
4217,POS消费,地点1819,淋浴,2015/03/19 17:33:33,0.1,195.37
4217,POS消费,地点1819,淋浴,2015/03/19 18:34:04,0.5,194.87
4217,POS消费,地点21,开水,2015/03/20 08:01:34,3.6,191.27
4217,POS消费,地点21,开水,2015/03/20 10:18:12,2.8,188.47
4217,POS消费,地点21,开水,2015/03/20 18:13:36,5.6,182.87
4217,POS消费,地点21,开水,2015/03/20 18:25:17,4.6,178.27
4217,POS消费,地点21,开水,2015/03/21 11:53:04,5.6,172.67
4217,POS消费,地点21,开水,2015/03/21 16:14:26,12.3,160.37
4217,POS消费,地点1819,淋浴,2015/03/21 16:33:44,0.4,159.97
4217,POS消费,地点21,开水,2015/03/22 11:58:49,5.6,154.37
4217,POS消费,地点21,开水,2015/03/22 12:08:47,2.4,151.97
4217,POS消费,地点21,开水,2015/03/22 17:25:42,5.6,146.37
4217,POS消费,地点91,校车,2015/03/22 17:26:51,4.5,141.87
4217,POS消费,地点21,开水,2015/03/22 17:38:39,6.3,135.57
4217,POS消费,地点21,开水,2015/03/23 08:12:03,3.6,131.97
4217,POS消费,地点232,食堂,2015/03/23 12:04:45,7.6,124.37
4217,POS消费,地点21,开水,2015/03/23 12:21:22,3.0,121.37
4217,POS消费,地点1819,淋浴,2015/03/23 16:19:47,0.3,121.07
4217,POS消费,地点21,开水,2015/03/23 17:46:50,5.6,115.47
4217,POS消费,地点91,校车,2015/03/23 17:47:19,5.4,110.07
4217,POS消费,地点21,开水,2015/03/23 21:18:34,2.4,107.67
4217,POS消费,地点21,开水,2015/03/24 08:38:41,4.3,103.37
4217,POS消费,地点21,开水,2015/03/24 11:41:49,5.4,97.97
4217,POS消费,地点21,开水,2015/03/24 11:53:29,3.0,94.97
4217,POS消费,地点21,开水,2015/03/24 16:21:32,2.4,92.57
4217,POS消费,地点232,食堂,2015/03/24 18:12:53,7.6,84.97
4217,POS消费,地点21,开水,2015/03/25 08:09:52,4.3,80.67
4217,POS消费,地点21,开水,2015/03/25 12:05:24,5.6,75.07
4217,POS消费,地点1819,淋浴,2015/03/25 13:14:44,0.1,74.97
4217,POS消费,地点1819,淋浴,2015/03/25 16:19:26,0.7,74.27
4217,POS消费,地点21,开水,2015/03/25 18:03:40,5.6,68.67
4217,POS消费,地点21,开水,2015/03/25 18:03:53,5.6,63.07
4217,POS消费,地点91,校车,2015/03/25 18:04:52,4.5,58.57
4217,POS消费,地点21,开水,2015/03/25 20:59:47,8.5,50.07
4217,POS消费,地点21,开水,2015/03/26 11:38:46,2.4,47.67
4217,POS消费,地点91,校车,2015/03/26 17:40:08,5.0,42.67
4217,卡充值,,,2015/03/26 17:55:21,300.0,342.67
4217,POS消费,地点21,开水,2015/03/27 08:13:48,4.3,338.37
4217,POS消费,地点21,开水,2015/03/27 11:12:48,5.6,332.77
4217,POS消费,地点21,开水,2015/03/27 11:22:40,6.0,326.77
4217,POS消费,地点21,开水,2015/03/27 11:25:23,2.4,324.37
4217,POS消费,地点21,开水,2015/03/27 17:36:57,5.6,318.77
4217,POS消费,地点21,开水,2015/03/27 17:48:21,4.2,314.57
4217,POS消费,地点21,开水,2015/03/28 11:46:56,5.6,308.97
4217,POS消费,地点21,开水,2015/03/28 11:54:38,2.6,306.37
4217,POS消费,地点1819,淋浴,2015/03/28 15:57:33,0.1,306.27
4217,POS消费,地点21,开水,2015/03/28 17:57:17,5.6,300.67
4217,POS消费,地点21,开水,2015/03/28 18:10:47,1.5,299.17
4217,POS消费,地点1819,淋浴,2015/03/28 20:02:44,0.7,298.47
4217,POS消费,地点21,开水,2015/03/29 11:39:58,5.6,292.87
4217,POS消费,地点91,校车,2015/03/29 11:40:33,7.0,285.87
4217,POS消费,地点21,开水,2015/03/29 11:52:47,3.5,282.37
4217,POS消费,地点91,校车,2015/03/29 17:37:14,5.0,277.37
4217,POS消费,地点21,开水,2015/03/30 11:29:22,4.6,272.77
4217,POS消费,地点91,校车,2015/03/30 11:30:15,7.4,265.37
4217,POS消费,地点91,校车,2015/03/30 17:35:12,9.0,256.37
4217,POS消费,地点21,开水,2015/03/30 17:54:56,3.0,253.37
4217,POS消费,地点1819,淋浴,2015/03/30 19:38:08,0.4,252.97
4217,POS消费,地点21,开水,2015/03/31 08:04:00,4.3,248.67
4217,POS消费,地点21,开水,2015/03/31 11:20:28,4.6,244.07
4217,POS消费,地点21,开水,2015/03/31 14:19:43,2.8,241.27
4217,POS消费,地点21,开水,2015/03/31 17:32:51,5.6,235.67
4217,POS消费,地点21,开水,2015/03/31 17:42:17,1.5,234.17
4217,POS消费,地点21,开水,2015/04/01 08:07:40,4.3,229.87
4217,POS消费,地点21,开水,2015/04/01 12:05:28,5.6,224.27
4217,POS消费,地点21,开水,2015/04/01 12:16:38,5.0,219.27
4217,POS消费,地点1819,淋浴,2015/04/01 15:37:32,0.4,218.87
4217,POS消费,地点21,开水,2015/04/01 17:53:32,2.8,216.07
4217,POS消费,地点21,开水,2015/04/01 17:55:05,5.6,210.47
4217,POS消费,地点21,开水,2015/04/02 12:10:52,10.0,200.47
4217,POS消费,地点21,开水,2015/04/02 16:26:41,2.3,198.17
4217,POS消费,地点232,食堂,2015/04/02 17:50:44,5.6,192.57
4217,POS消费,地点1819,淋浴,2015/04/02 21:10:46,0.4,192.17
4217,POS消费,地点21,开水,2015/04/03 08:08:08,4.3,187.87
4217,POS消费,地点21,开水,2015/04/03 11:18:30,6.4,181.47
4217,POS消费,地点21,开水,2015/04/03 11:30:44,2.3,179.17
4217,POS消费,地点21,开水,2015/04/03 17:05:53,5.4,173.77
4217,POS消费,地点21,开水,2015/04/03 17:26:36,3.0,170.77
4217,POS消费,地点1819,淋浴,2015/04/03 17:40:15,0.3,170.47
4217,POS消费,地点21,开水,2015/04/03 18:51:53,4.4,166.07
4217,POS消费,地点232,食堂,2015/04/04 11:00:11,7.6,158.47
4217,POS消费,地点21,开水,2015/04/04 14:42:48,1.5,156.97
4217,POS消费,地点1819,淋浴,2015/04/04 15:41:31,0.3,156.67
4217,POS消费,地点21,开水,2015/04/04 16:05:14,15.9,140.77
4217,POS消费,地点232,食堂,2015/04/05 11:31:19,7.6,133.17
4217,POS消费,地点232,食堂,2015/04/05 11:33:33,0.2,132.97
4217,POS消费,地点21,开水,2015/04/05 12:53:25,2.5,130.47
4217,POS消费,地点1819,淋浴,2015/04/05 18:47:29,0.3,130.17
4217,POS消费,地点91,校车,2015/04/05 19:57:48,3.0,127.17
4217,POS消费,地点21,开水,2015/04/06 11:53:04,5.6,121.57
4217,POS消费,地点21,开水,2015/04/06 15:15:37,9.9,111.67
4217,POS消费,地点1819,淋浴,2015/04/06 22:51:31,0.4,111.27
4217,POS消费,地点1765,淋浴,2015/04/07 08:50:36,0.03,111.24
4217,POS消费,地点1765,淋浴,2015/04/07 11:43:36,0.02,111.22
4217,POS消费,地点91,校车,2015/04/07 17:29:41,5.0,106.22
4217,POS消费,地点1819,淋浴,2015/04/07 20:49:02,0.4,105.82
4217,POS消费,地点1765,淋浴,2015/04/07 21:58:34,0.02,105.8
4217,POS消费,地点21,开水,2015/04/08 08:15:23,4.3,101.5
4217,POS消费,地点91,校车,2015/04/08 12:03:43,5.6,95.9
4217,POS消费,地点1765,淋浴,2015/04/08 12:17:21,0.02,95.88
4217,POS消费,地点21,开水,2015/04/08 16:16:04,3.0,92.88
4217,POS消费,地点21,开水,2015/04/08 17:57:38,2.6,90.28
4217,POS消费,地点91,校车,2015/04/08 17:58:15,4.3,85.98
4217,POS消费,地点1819,淋浴,2015/04/08 20:44:48,0.5,85.48
4217,POS消费,地点1765,淋浴,2015/04/09 09:13:33,0.02,85.46
4217,POS消费,地点232,食堂,2015/04/09 11:35:47,5.6,79.86
4217,POS消费,地点91,校车,2015/04/09 11:36:27,6.7,73.16
4217,POS消费,地点1765,淋浴,2015/04/09 11:50:41,0.01,73.15
4217,POS消费,地点91,校车,2015/04/09 17:40:30,5.0,68.15
4217,POS消费,地点21,开水,2015/04/09 17:51:26,3.0,65.15
4217,POS消费,地点1819,淋浴,2015/04/09 20:26:20,0.5,64.65
4217,POS消费,地点1765,淋浴,2015/04/09 21:08:10,0.01,64.64
4217,POS消费,地点1765,淋浴,2015/04/10 08:01:49,0.01,64.63
4217,POS消费,地点21,开水,2015/04/10 08:11:16,3.0,61.63
4217,POS消费,地点1765,淋浴,2015/04/10 10:44:46,0.01,61.62
4217,POS消费,地点91,校车,2015/04/10 11:55:21,5.6,56.02
4217,POS消费,地点1765,淋浴,2015/04/10 12:10:53,0.02,56.0
4217,POS消费,地点21,开水,2015/04/10 14:25:34,3.0,53.0
4217,POS消费,地点1765,淋浴,2015/04/10 14:51:26,0.01,52.99
4217,POS消费,地点21,开水,2015/04/10 17:42:08,5.6,47.39
4217,POS消费,地点21,开水,2015/04/10 17:52:39,2.8,44.59
4217,POS消费,地点1819,淋浴,2015/04/11 00:15:13,0.3,44.29
4217,POS消费,地点21,开水,2015/04/11 08:14:57,2.6,41.69
4217,POS消费,地点21,开水,2015/04/11 11:39:23,7.0,34.69
4217,POS消费,地点1765,淋浴,2015/04/11 11:49:51,0.01,34.68
4217,POS消费,地点21,开水,2015/04/11 17:28:46,5.6,29.08
4217,POS消费,地点91,校车,2015/04/11 17:29:15,6.3,22.78
4217,POS消费,地点21,开水,2015/04/11 17:42:46,2.8,19.98
4217,POS消费,地点1819,淋浴,2015/04/11 18:23:39,0.5,19.48
4217,POS消费,地点1765,淋浴,2015/04/12 10:16:25,0.01,19.47
4217,POS消费,地点21,开水,2015/04/12 12:03:07,5.6,13.87
4217,卡充值,,,2015/04/12 12:14:56,300.0,313.87
4217,POS消费,地点21,开水,2015/04/12 12:16:28,4.0,309.87
4217,POS消费,地点232,食堂,2015/04/12 17:34:51,7.6,302.27
4217,POS消费,地点21,开水,2015/04/12 17:53:04,3.0,299.27
4217,POS消费,地点1819,淋浴,2015/04/12 19:28:22,0.3,298.97
4217,POS消费,地点1765,淋浴,2015/04/12 21:08:12,0.02,298.95
4217,POS消费,地点21,开水,2015/04/13 07:52:18,3.6,295.35
4217,POS消费,地点232,食堂,2015/04/13 12:04:21,5.6,289.75
4217,POS消费,地点1765,淋浴,2015/04/13 12:19:39,0.02,289.73
4217,POS消费,地点21,开水,2015/04/13 16:15:05,3.0,286.73
4217,POS消费,地点1819,淋浴,2015/04/13 16:33:49,0.4,286.33
4217,POS消费,地点21,开水,2015/04/13 18:11:23,2.5,283.83
4217,POS消费,地点232,食堂,2015/04/13 18:13:51,7.6,276.23
4217,POS消费,地点1765,淋浴,2015/04/13 21:28:28,0.01,276.22
4217,POS消费,地点1765,淋浴,2015/04/13 22:43:09,0.02,276.2
4217,POS消费,地点21,开水,2015/04/14 08:04:30,3.0,273.2
4217,POS消费,地点91,校车,2015/04/14 11:30:35,5.0,268.2
4217,POS消费,地点1765,淋浴,2015/04/14 11:48:05,0.02,268.18
4217,POS消费,地点21,开水,2015/04/14 17:23:41,3.1,265.08
4217,POS消费,地点91,校车,2015/04/14 17:24:24,7.0,258.08
4217,POS消费,地点1819,淋浴,2015/04/14 18:15:03,0.3,257.78
4217,POS消费,地点1765,淋浴,2015/04/14 19:13:19,0.02,257.76
4217,POS消费,地点1765,淋浴,2015/04/14 20:03:29,0.01,257.75
4217,POS消费,地点1765,淋浴,2015/04/15 07:58:23,0.01,257.74
4217,POS消费,地点21,开水,2015/04/15 08:04:26,3.0,254.74
4217,POS消费,地点21,开水,2015/04/15 10:17:35,4.2,250.54
4217,POS消费,地点91,校车,2015/04/15 12:02:03,5.6,244.94
4217,POS消费,地点21,开水,2015/04/15 12:52:40,2.4,242.54
4217,POS消费,地点21,开水,2015/04/15 17:36:45,3.6,238.94
4217,POS消费,地点91,校车,2015/04/15 17:37:56,6.3,232.64
4217,POS消费,地点1819,淋浴,2015/04/15 19:53:56,0.4,232.24
4217,POS消费,地点1765,淋浴,2015/04/15 20:12:28,0.01,232.23
4217,POS消费,地点1765,淋浴,2015/04/15 21:12:15,0.02,232.21
4217,POS消费,地点1765,淋浴,2015/04/16 08:14:40,0.01,232.2
4217,POS消费,地点21,开水,2015/04/16 08:21:48,3.0,229.2
4217,POS消费,地点21,开水,2015/04/16 11:16:37,4.0,225.2
4217,POS消费,地点1765,淋浴,2015/04/16 11:21:39,0.01,225.19
4217,POS消费,地点21,开水,2015/04/16 12:55:18,3.0,222.19
4217,POS消费,地点21,开水,2015/04/16 17:54:52,2.3,219.89
4217,POS消费,地点1819,淋浴,2015/04/16 21:01:34,0.3,219.59
4217,POS消费,地点1765,淋浴,2015/04/16 21:25:46,0.01,219.58
4217,POS消费,地点21,开水,2015/04/17 07:45:24,3.0,216.58
4217,POS消费,地点21,开水,2015/04/17 10:20:44,6.3,210.28
4217,POS消费,地点91,校车,2015/04/17 17:00:28,5.0,205.28
4217,POS消费,地点21,开水,2015/04/17 17:15:14,2.3,202.98
4217,POS消费,地点21,开水,2015/04/17 18:02:28,2.5,200.48
4217,POS消费,地点1819,淋浴,2015/04/17 23:56:14,0.3,200.18
4217,POS消费,地点1765,淋浴,2015/04/18 00:18:37,0.01,200.17
4217,POS消费,地点1765,淋浴,2015/04/18 08:38:52,0.01,200.16
4217,POS消费,地点21,开水,2015/04/18 08:45:54,2.6,197.56
4217,POS消费,地点21,开水,2015/04/18 11:28:09,6.3,191.26
4217,POS消费,地点21,开水,2015/04/18 19:05:33,5.0,186.26
4217,POS消费,地点1819,淋浴,2015/04/18 19:17:48,0.3,185.96
4217,POS消费,地点21,开水,2015/04/19 08:41:48,3.0,182.96
4217,POS消费,地点21,开水,2015/04/19 10:12:51,7.3,175.66
4217,POS消费,地点21,开水,2015/04/19 17:47:50,5.4,170.26
4217,POS消费,地点91,校车,2015/04/19 17:48:22,4.6,165.66
4217,POS消费,地点1819,淋浴,2015/04/19 18:09:42,0.4,165.26
4217,POS消费,地点21,开水,2015/04/20 08:00:25,3.0,162.26
4217,POS消费,地点21,开水,2015/04/20 12:04:07,4.6,157.66
4217,POS消费,地点91,校车,2015/04/20 12:05:12,6.3,151.36
4217,POS消费,地点91,校车,2015/04/20 17:20:47,5.0,146.36
4217,POS消费,地点21,开水,2015/04/20 17:39:09,3.2,143.16
4217,POS消费,地点21,开水,2015/04/21 08:10:07,3.0,139.56
4217,POS消费,地点1819,淋浴,2015/04/21 09:33:09,0.6,142.56
4217,POS消费,地点21,开水,2015/04/21 11:36:08,4.6,134.96
4217,POS消费,地点91,校车,2015/04/21 11:37:35,3.2,131.76
4217,POS消费,地点91,校车,2015/04/21 17:42:14,5.0,126.76
4217,POS消费,地点26,图书馆,2015/04/21 17:47:16,4.1,122.66
4217,POS消费,地点1819,淋浴,2015/04/21 18:37:33,0.5,122.16
4217,POS消费,地点21,开水,2015/04/22 08:08:06,3.0,119.16
4217,POS消费,地点21,开水,2015/04/22 12:01:58,4.6,114.56
4217,POS消费,地点91,校车,2015/04/22 12:02:38,6.3,108.26
4217,POS消费,地点1765,淋浴,2015/04/22 12:15:41,0.03,108.23
4217,POS消费,地点21,开水,2015/04/22 17:31:21,3.2,105.03
4217,POS消费,地点21,开水,2015/04/22 17:32:35,5.6,99.43
4217,POS消费,地点1819,淋浴,2015/04/22 21:23:33,0.4,99.03
4217,POS消费,地点21,开水,2015/04/23 12:11:23,4.6,94.43
4217,POS消费,地点91,校车,2015/04/23 12:12:27,3.9,90.53
4217,POS消费,地点21,开水,2015/04/23 14:56:46,6.5,84.03
4217,POS消费,地点21,开水,2015/04/23 17:40:52,5.6,78.43
4217,POS消费,地点91,校车,2015/04/23 17:41:51,4.4,74.03
4217,POS消费,地点1819,淋浴,2015/04/23 19:44:57,0.4,73.63
4217,POS消费,地点21,开水,2015/04/24 08:03:58,3.0,70.63
4217,POS消费,地点1765,淋浴,2015/04/24 12:11:35,0.01,70.62
4217,POS消费,地点21,开水,2015/04/24 17:33:44,5.6,65.02
4217,POS消费,地点91,校车,2015/04/24 17:34:11,4.1,60.92
4217,POS消费,地点21,开水,2015/04/24 17:45:04,3.2,57.72
4217,POS消费,地点1819,淋浴,2015/04/24 18:43:36,0.3,57.42
4217,POS消费,地点21,开水,2015/04/25 12:07:35,5.6,51.82
4217,POS消费,地点91,校车,2015/04/25 12:08:05,6.0,45.82
4217,POS消费,地点21,开水,2015/04/25 12:18:09,2.3,43.52
4217,POS消费,地点21,开水,2015/04/25 18:24:56,11.3,32.22
4217,POS消费,地点1819,淋浴,2015/04/25 19:02:51,0.6,31.62
4217,POS消费,地点1765,淋浴,2015/04/26 10:05:51,0.01,31.61
4217,卡充值,,,2015/04/26 15:53:34,300.0,331.61
4217,POS消费,地点21,开水,2015/04/26 16:25:26,4.0,327.61
4217,POS消费,地点1819,淋浴,2015/04/26 18:52:03,0.2,327.41
4217,POS消费,地点1765,淋浴,2015/04/27 08:27:34,0.02,327.39
4217,POS消费,地点21,开水,2015/04/27 12:04:06,4.6,322.79
4217,POS消费,地点91,校车,2015/04/27 12:05:44,7.4,315.39
4217,POS消费,地点1765,淋浴,2015/04/27 12:19:14,0.02,315.37
4217,POS消费,地点1819,淋浴,2015/04/27 17:47:25,0.3,315.07
4217,POS消费,地点21,开水,2015/04/27 18:09:40,3.2,311.87
4217,POS消费,地点91,校车,2015/04/27 18:11:20,5.0,306.87
4217,POS消费,地点1765,淋浴,2015/04/27 22:42:19,0.02,306.85
4217,POS消费,地点1765,淋浴,2015/04/28 08:24:56,0.02,306.83
4217,POS消费,地点21,开水,2015/04/28 11:12:50,4.6,302.23
4217,POS消费,地点21,开水,2015/04/28 11:21:36,3.0,299.23
4217,POS消费,地点1819,淋浴,2015/04/28 15:40:57,0.7,298.53
4217,POS消费,地点21,开水,2015/04/28 17:38:49,5.6,292.93
4217,POS消费,地点21,开水,2015/04/28 17:49:07,5.0,287.93
4217,POS消费,地点21,开水,2015/04/29 08:22:10,2.0,285.93
4217,POS消费,地点21,开水,2015/04/29 12:03:49,4.4,281.53
4217,POS消费,地点21,开水,2015/04/29 16:16:21,4.8,276.73
4217,POS消费,地点91,校车,2015/04/29 17:40:58,5.0,271.73
4217,POS消费,地点26,图书馆,2015/04/29 17:45:07,6.0,265.73
4217,POS消费,地点21,开水,2015/04/30 10:50:57,6.3,259.43
4217,POS消费,地点91,校车,2015/04/30 17:51:24,5.0,254.43
4217,POS消费,地点26,图书馆,2015/04/30 17:55:01,4.3,250.13
4217,POS消费,地点21,开水,2015/04/30 18:08:55,17.7,232.43
4217,POS消费,地点1819,淋浴,2015/04/30 18:31:48,0.3,232.13
4217,POS消费,地点91,校车,2015/05/01 12:03:22,8.0,224.13
4217,POS消费,地点21,开水,2015/05/01 12:18:56,2.3,221.83
4217,POS消费,地点21,开水,2015/05/01 18:05:27,16.2,205.63
4217,POS消费,地点1819,淋浴,2015/05/01 21:15:09,0.3,205.33
4217,POS消费,地点91,校车,2015/05/02 12:12:22,9.4,195.93
4217,POS消费,地点91,校车,2015/05/02 12:13:32,9.0,186.93
4217,POS消费,地点21,开水,2015/05/02 18:23:07,6.0,180.93
4217,POS消费,地点1819,淋浴,2015/05/02 23:00:06,0.2,180.73
4217,POS消费,地点21,开水,2015/05/03 13:10:28,3.3,177.43
4217,POS消费,地点21,开水,2015/05/03 18:06:46,8.5,168.93
4217,POS消费,地点21,开水,2015/05/03 18:06:55,-8.5,177.43
4217,POS消费,地点21,开水,2015/05/03 18:06:58,8.5,168.93
4217,POS消费,地点1819,淋浴,2015/05/03 22:16:48,0.4,168.53
4217,POS消费,地点21,开水,2015/05/04 08:23:11,2.0,166.53
4217,POS消费,地点21,开水,2015/05/04 12:04:03,4.4,162.13
4217,POS消费,地点91,校车,2015/05/04 12:04:58,6.0,156.13
4217,POS消费,地点21,开水,2015/05/04 12:15:00,2.0,154.13
4217,POS消费,地点91,校车,2015/05/04 17:32:51,5.0,149.13
4217,POS消费,地点21,开水,2015/05/04 17:45:24,5.3,143.83
4217,POS消费,地点1819,淋浴,2015/05/04 21:13:02,0.3,143.53
4217,POS消费,地点21,开水,2015/05/05 08:21:04,2.6,140.93
4217,POS消费,地点21,开水,2015/05/05 11:14:28,8.0,132.93
4217,POS消费,地点1819,淋浴,2015/05/05 17:29:45,0.4,132.53
4217,POS消费,地点91,校车,2015/05/05 17:52:50,5.0,127.53
4217,POS消费,地点21,开水,2015/05/05 18:03:19,3.3,124.23
4217,POS消费,地点21,开水,2015/05/05 18:03:29,2.0,122.23
4217,POS消费,地点21,开水,2015/05/05 21:24:19,1.5,120.73
4217,POS消费,地点21,开水,2015/05/06 08:07:51,3.0,117.73
4217,POS消费,地点21,开水,2015/05/06 12:04:25,3.4,114.33
4217,POS消费,地点21,开水,2015/05/06 12:14:58,1.5,112.83
4217,POS消费,地点21,开水,2015/05/06 17:20:35,5.6,107.23
4217,POS消费,地点91,校车,2015/05/06 17:21:20,7.4,99.83
4217,POS消费,地点21,开水,2015/05/06 17:31:51,3.3,96.53
4217,POS消费,地点1819,淋浴,2015/05/06 19:11:55,0.3,96.23
4217,POS消费,地点1389,校车,2015/05/07 10:46:00,2.0,94.23
4217,POS消费,地点1392,校车,2015/05/07 13:39:42,2.0,92.23
4217,POS消费,地点21,开水,2015/05/07 14:56:21,16.5,75.73
4217,POS消费,地点21,开水,2015/05/07 17:49:39,5.4,70.33
4217,POS消费,地点21,开水,2015/05/07 17:58:46,3.5,66.83
4217,POS消费,地点1819,淋浴,2015/05/07 18:54:03,0.5,66.33
4217,POS消费,地点21,开水,2015/05/08 12:16:03,6.0,60.33
4217,POS消费,地点91,校车,2015/05/08 18:00:54,9.0,51.33
4217,POS消费,地点21,开水,2015/05/08 18:15:07,5.3,46.03
4217,POS消费,地点1819,淋浴,2015/05/08 23:35:32,0.4,45.63
4217,POS消费,地点21,开水,2015/05/09 10:51:33,10.2,35.43
4217,POS消费,地点21,开水,2015/05/09 17:35:37,3.8,31.63
4217,POS消费,地点1819,淋浴,2015/05/09 21:54:03,0.4,31.23
4217,POS消费,地点21,开水,2015/05/10 09:48:15,16.5,14.73
4217,POS消费,地点21,开水,2015/05/10 17:55:59,9.9,4.83
4217,POS消费,地点1765,淋浴,2015/05/10 18:01:53,0.02,4.81
4217,卡充值,,,2015/05/11 11:11:42,300.0,304.81
4217,POS消费,地点21,开水,2015/05/11 11:12:28,5.6,299.21
4217,POS消费,地点21,开水,2015/05/11 11:21:11,2.3,296.91
4217,POS消费,地点21,开水,2015/05/11 17:42:00,5.6,291.31
4217,POS消费,地点21,开水,2015/05/11 17:51:22,4.6,286.71
4217,POS消费,地点1819,淋浴,2015/05/11 20:40:42,0.5,286.21
4217,POS消费,地点21,开水,2015/05/12 11:09:28,5.4,280.81
4217,POS消费,地点91,校车,2015/05/12 11:10:55,7.0,273.81
4217,POS消费,地点21,开水,2015/05/12 17:33:36,5.4,268.41
4217,POS消费,地点91,校车,2015/05/12 17:34:03,5.1,263.31
4217,POS消费,地点21,开水,2015/05/12 17:46:16,4.7,258.61
4217,POS消费,地点1819,淋浴,2015/05/12 20:53:16,0.3,258.31
4217,POS消费,地点21,开水,2015/05/13 08:10:45,3.0,255.31
4217,POS消费,地点21,开水,2015/05/13 12:04:12,5.6,249.71
4217,POS消费,地点21,开水,2015/05/13 12:16:00,1.5,248.21
4217,POS消费,地点1819,淋浴,2015/05/13 16:12:28,0.3,247.91
4217,POS消费,地点91,校车,2015/05/13 17:47:15,9.0,238.91
4217,POS消费,地点91,校车,2015/05/13 17:47:35,9.0,229.91
4217,POS消费,地点21,开水,2015/05/13 18:03:15,27.5,202.41
4217,POS消费,地点21,开水,2015/05/14 10:16:29,15.6,186.81
4217,POS消费,地点21,开水,2015/05/14 17:16:08,5.6,181.21
4217,POS消费,地点21,开水,2015/05/14 17:24:09,5.0,176.21
4217,POS消费,地点1819,淋浴,2015/05/14 21:04:16,0.4,175.81
4217,POS消费,地点21,开水,2015/05/15 08:06:30,3.0,172.81
4217,POS消费,地点21,开水,2015/05/15 10:22:01,8.3,164.51
4217,POS消费,地点91,校车,2015/05/15 17:43:05,9.0,155.51
4217,POS消费,地点91,校车,2015/05/15 17:43:17,1.0,154.51
4217,POS消费,地点21,开水,2015/05/15 17:57:58,1.5,153.01
4217,POS消费,地点1819,淋浴,2015/05/15 18:41:59,0.3,152.71
4217,POS消费,地点232,食堂,2015/05/16 12:32:50,10.4,142.31
4217,POS消费,地点91,校车,2015/05/16 17:26:09,9.0,133.31
4217,POS消费,地点21,开水,2015/05/16 17:37:04,2.8,130.51
4217,POS消费,地点21,开水,2015/05/16 20:44:37,3.5,127.01
4217,POS消费,地点1819,淋浴,2015/05/16 20:53:52,0.4,126.61
4217,POS消费,地点21,开水,2015/05/17 19:21:13,10.56,116.05
4217,POS消费,地点1819,淋浴,2015/05/17 20:53:46,0.3,115.75
4217,POS消费,地点21,开水,2015/05/18 11:36:53,5.6,110.15
4217,POS消费,地点21,开水,2015/05/18 11:45:47,2.4,107.75
4217,POS消费,地点91,校车,2015/05/18 17:37:38,10.0,97.75
4217,POS消费,地点21,开水,2015/05/18 21:02:43,1.5,96.25
4217,POS消费,地点1819,淋浴,2015/05/18 21:44:38,0.3,95.95
4217,POS消费,地点91,校车,2015/05/19 11:14:08,5.0,90.95
4217,POS消费,地点21,开水,2015/05/19 11:22:55,1.5,89.45
4217,POS消费,地点91,校车,2015/05/19 17:38:23,10.0,79.45
4217,POS消费,地点21,开水,2015/05/19 17:57:52,2.2,77.25
4217,POS消费,地点1819,淋浴,2015/05/19 19:11:34,0.3,76.95
4217,POS消费,地点21,开水,2015/05/20 08:05:48,3.0,73.95
4217,POS消费,地点21,开水,2015/05/20 12:02:59,5.4,68.55
4217,POS消费,地点21,开水,2015/05/20 12:17:00,3.5,65.05
4217,POS消费,地点1819,淋浴,2015/05/20 15:58:58,0.1,64.95
4217,POS消费,地点21,开水,2015/05/20 17:36:43,14.3,50.65
4217,POS消费,地点21,开水,2015/05/20 17:40:41,0.3,50.35
4217,POS消费,地点1765,淋浴,2015/05/20 18:06:50,0.02,50.33
4217,POS消费,地点232,食堂,2015/05/21 12:05:53,6.0,44.33
4217,POS消费,地点91,校车,2015/05/21 17:23:56,9.0,35.33
4217,POS消费,地点21,开水,2015/05/21 17:35:03,3.0,32.33
4217,卡充值,,,2015/05/22 16:33:28,300.0,332.33
4217,POS消费,地点21,开水,2015/05/22 16:35:46,10.9,321.43
4217,POS消费,地点1819,淋浴,2015/05/22 16:45:50,0.5,320.93
4217,POS消费,地点91,校车,2015/05/23 17:29:02,10.0,310.93
4217,POS消费,地点21,开水,2015/05/23 17:44:48,4.0,306.93
4217,POS消费,地点21,开水,2015/05/23 17:46:25,1.5,305.43
4217,POS消费,地点1819,淋浴,2015/05/23 18:59:06,0.3,305.13
4217,POS消费,地点6,淋浴,2015/05/24 17:33:24,12.5,292.63
4217,POS消费,地点21,开水,2015/05/24 18:00:44,2.2,290.43
4217,POS消费,地点1819,淋浴,2015/05/24 18:57:23,0.4,290.03
4217,POS消费,地点232,食堂,2015/05/25 12:05:49,5.6,284.43
4217,POS消费,地点21,开水,2015/05/25 12:06:45,1.0,283.43
4217,POS消费,地点21,开水,2015/05/25 12:20:32,1.5,281.93
4217,POS消费,地点91,校车,2015/05/25 17:25:36,10.0,271.93
4217,POS消费,地点21,开水,2015/05/25 17:42:59,1.5,270.43
4217,POS消费,地点1819,淋浴,2015/05/25 18:29:11,0.3,270.13
4217,POS消费,地点21,开水,2015/05/26 11:27:43,13.2,256.93
4217,POS消费,地点232,食堂,2015/05/26 17:18:47,7.6,249.33
4217,POS消费,地点232,食堂,2015/05/26 17:22:39,0.2,249.13
4217,POS消费,地点21,开水,2015/05/26 17:39:57,1.5,247.63
4217,POS消费,地点1819,淋浴,2015/05/26 17:47:14,0.4,247.23
4217,POS消费,地点21,开水,2015/05/27 10:03:08,2.0,245.23
4217,POS消费,地点232,食堂,2015/05/27 12:04:25,5.4,239.83
4217,POS消费,地点21,开水,2015/05/27 12:17:40,3.7,236.13
4217,POS消费,地点91,校车,2015/05/27 17:19:24,10.0,226.13
4217,POS消费,地点21,开水,2015/05/27 17:33:44,3.3,222.83
4217,POS消费,地点1819,淋浴,2015/05/27 21:10:53,0.5,222.33
4217,POS消费,地点21,开水,2015/05/28 08:06:03,3.0,219.33
4217,POS消费,地点1765,淋浴,2015/05/28 11:23:41,0.03,219.3
4217,POS消费,地点21,开水,2015/05/28 17:51:59,13.4,205.9
4217,POS消费,地点1819,淋浴,2015/05/28 19:26:01,0.3,205.6
4217,POS消费,地点21,开水,2015/05/29 12:03:55,5.4,200.2
4217,POS消费,地点21,开水,2015/05/29 12:11:43,1.5,198.7
4217,POS消费,地点91,校车,2015/05/29 18:31:16,9.0,189.7
4217,POS消费,地点21,开水,2015/05/29 18:52:23,3.8,185.9
4217,POS消费,地点1819,淋浴,2015/05/29 19:03:34,0.4,185.5
4217,POS消费,地点21,开水,2015/05/30 12:27:02,13.7,171.8
4217,POS消费,地点91,校车,2015/05/30 18:18:41,6.0,165.8
4217,POS消费,地点91,校车,2015/05/30 18:19:37,1.0,164.8
4217,POS消费,地点21,开水,2015/05/30 18:33:34,1.5,163.3
4217,POS消费,地点1819,淋浴,2015/05/30 19:18:29,0.3,163.0
4217,POS消费,地点91,校车,2015/05/31 17:10:49,7.0,156.0
4217,POS消费,地点21,开水,2015/05/31 17:37:12,5.4,150.6
4217,POS消费,地点1819,淋浴,2015/05/31 19:50:12,0.3,150.3
4217,POS消费,地点21,开水,2015/06/01 08:30:02,1.9,148.4
4217,POS消费,地点21,开水,2015/06/01 10:55:41,7.8,140.6
4217,POS消费,地点1765,淋浴,2015/06/01 11:01:20,0.03,140.57
4217,POS消费,地点21,开水,2015/06/01 16:17:01,1.5,139.07
4217,POS消费,地点91,校车,2015/06/01 17:32:35,10.0,129.07
4217,POS消费,地点21,开水,2015/06/01 17:49:40,2.2,126.87
4217,POS消费,地点1819,淋浴,2015/06/01 20:48:08,0.3,126.57
4217,POS消费,地点21,开水,2015/06/02 08:21:34,4.0,122.57
4217,POS消费,地点21,开水,2015/06/02 11:01:11,9.9,112.67
4217,POS消费,地点91,校车,2015/06/02 17:39:54,9.0,103.67
4217,POS消费,地点21,开水,2015/06/02 17:57:42,2.2,101.47
4217,POS消费,地点1819,淋浴,2015/06/02 18:51:52,0.3,101.17
4217,POS消费,地点21,开水,2015/06/03 12:03:54,5.6,95.57
4217,POS消费,地点91,校车,2015/06/03 17:15:33,10.0,85.57
4217,POS消费,地点91,校车,2015/06/03 17:16:30,7.0,78.57
4217,POS消费,地点21,开水,2015/06/03 17:37:29,1.5,77.07
4217,POS消费,地点1819,淋浴,2015/06/03 18:24:00,0.3,76.77
4217,POS消费,地点21,开水,2015/06/04 10:57:38,5.6,71.17
4217,POS消费,地点21,开水,2015/06/04 11:09:41,3.5,67.67
4217,POS消费,地点91,校车,2015/06/04 17:46:33,5.0,62.67
4217,POS消费,地点21,开水,2015/06/04 17:59:46,1.5,61.17
4217,POS消费,地点1819,淋浴,2015/06/04 20:19:30,0.4,60.77
4217,POS消费,地点91,校车,2015/06/05 10:59:24,10.0,50.77
4217,POS消费,地点21,开水,2015/06/05 11:21:35,2.2,48.57
4217,卡充值,,,2015/06/05 18:26:49,300.0,348.57
4217,POS消费,地点91,校车,2015/06/05 18:27:54,5.0,343.57
4217,POS消费,地点91,校车,2015/06/05 18:28:06,1.0,342.57
4217,POS消费,地点21,开水,2015/06/05 18:36:19,2.0,340.57
4217,POS消费,地点1819,淋浴,2015/06/05 18:42:36,0.3,340.27
4217,POS消费,地点91,校车,2015/06/06 18:00:55,9.0,331.27
4217,POS消费,地点21,开水,2015/06/06 18:17:03,6.7,324.57
4217,POS消费,地点1819,淋浴,2015/06/06 22:08:12,0.4,324.17
4217,POS消费,地点232,食堂,2015/06/07 11:39:44,7.6,316.57
4217,POS消费,地点21,开水,2015/06/07 11:54:24,6.0,310.57
4217,POS消费,地点21,开水,2015/06/07 11:56:59,7.9,302.67
4217,POS消费,地点91,校车,2015/06/07 17:44:15,9.4,293.27
4217,POS消费,地点1819,淋浴,2015/06/07 18:24:50,0.3,292.97
4217,POS消费,地点21,开水,2015/06/08 09:28:26,8.0,284.97
4217,POS消费,地点21,开水,2015/06/08 14:50:07,7.9,277.07
4217,POS消费,地点1765,淋浴,2015/06/08 17:16:28,0.03,277.04
4217,POS消费,地点1819,淋浴,2015/06/08 21:47:01,0.3,276.74
4217,POS消费,地点21,开水,2015/06/09 11:23:09,3.6,273.14
4217,POS消费,地点232,食堂,2015/06/09 11:23:30,6.0,267.14
4217,POS消费,地点21,开水,2015/06/09 14:36:55,3.2,263.94
4217,POS消费,地点91,校车,2015/06/09 16:59:53,10.0,253.94
4217,POS消费,地点1819,淋浴,2015/06/09 21:27:14,0.5,253.44
4217,POS消费,地点232,食堂,2015/06/10 12:01:47,6.6,246.84
4217,POS消费,地点21,开水,2015/06/10 12:02:29,3.5,243.34
4217,POS消费,地点21,开水,2015/06/10 12:14:03,1.5,241.84
4217,POS消费,地点91,校车,2015/06/10 17:30:01,6.0,235.84
4217,POS消费,地点21,开水,2015/06/10 17:39:45,3.8,232.04
4217,POS消费,地点1819,淋浴,2015/06/10 21:16:29,0.3,231.74
4217,POS消费,地点21,开水,2015/06/11 08:24:25,4.0,227.74
4217,POS消费,地点21,开水,2015/06/11 10:55:39,5.9,221.84
4217,POS消费,地点1765,淋浴,2015/06/11 11:09:04,0.03,221.81
4217,POS消费,地点21,开水,2015/06/11 14:50:33,2.5,219.31
4217,POS消费,地点91,校车,2015/06/11 17:11:52,6.0,213.31
4217,POS消费,地点21,开水,2015/06/11 17:22:25,10.0,203.31
4217,POS消费,地点1819,淋浴,2015/06/11 22:26:31,0.4,202.91
4217,POS消费,地点91,校车,2015/06/12 17:28:12,10.0,192.91
4217,POS消费,地点6,淋浴,2015/06/12 17:39:29,5.5,187.41
4217,POS消费,地点6,淋浴,2015/06/12 17:40:35,4.0,183.41
4217,POS消费,地点1819,淋浴,2015/06/12 21:05:44,0.3,183.11
4217,POS消费,地点21,开水,2015/06/13 08:23:11,2.0,181.11
4217,POS消费,地点21,开水,2015/06/13 11:26:09,5.6,175.51
4217,POS消费,地点21,开水,2015/06/13 11:26:35,3.0,172.51
4217,POS消费,地点21,开水,2015/06/13 11:40:36,7.8,164.71
4217,POS消费,地点21,开水,2015/06/13 15:03:07,2.5,162.21
4217,POS消费,地点232,食堂,2015/06/13 17:00:52,7.6,154.61
4217,POS消费,地点21,开水,2015/06/13 17:18:32,3.0,151.61
4217,POS消费,地点1819,淋浴,2015/06/13 18:36:22,0.2,151.41
4217,POS消费,地点91,校车,2015/06/14 11:04:18,5.0,146.41
4217,POS消费,地点21,开水,2015/06/14 11:17:56,2.3,144.11
4217,POS消费,地点21,开水,2015/06/14 15:14:23,1.5,142.61
4217,POS消费,地点232,食堂,2015/06/14 17:23:28,7.6,135.01
4217,POS消费,地点232,食堂,2015/06/14 17:23:35,5.6,129.41
4217,POS消费,地点232,食堂,2015/06/14 17:23:40,0.2,129.21
4217,POS消费,地点21,开水,2015/06/14 17:42:13,3.0,126.21
4217,POS消费,地点21,开水,2015/06/15 11:16:05,5.6,120.61
4217,POS消费,地点21,开水,2015/06/15 11:16:26,4.0,116.61
4217,POS消费,地点232,食堂,2015/06/15 17:05:55,7.6,109.01
4217,POS消费,地点232,食堂,2015/06/15 17:08:06,0.2,108.81
4217,POS消费,地点21,开水,2015/06/15 17:23:24,3.3,105.51
4217,POS消费,地点1819,淋浴,2015/06/15 22:27:57,0.3,105.21
4217,POS消费,地点232,食堂,2015/06/16 11:14:19,5.6,99.61
4217,POS消费,地点21,开水,2015/06/16 11:15:00,2.0,97.61
4217,POS消费,地点21,开水,2015/06/16 17:44:37,9.4,88.21
4217,POS消费,地点1819,淋浴,2015/06/16 22:39:23,0.3,87.91
4217,POS消费,地点232,食堂,2015/06/17 11:41:30,6.6,81.31
4217,POS消费,地点21,开水,2015/06/17 11:42:10,2.0,79.31
4217,POS消费,地点21,开水,2015/06/17 11:54:29,2.0,77.31
4217,POS消费,地点232,食堂,2015/06/17 17:39:38,7.6,69.71
4217,POS消费,地点21,开水,2015/06/17 17:59:19,2.3,67.41
4217,POS消费,地点1819,淋浴,2015/06/17 21:37:28,0.3,67.11
4217,POS消费,地点21,开水,2015/06/18 11:33:36,10.0,57.11
4217,POS消费,地点21,开水,2015/06/18 17:09:04,4.6,52.51
4217,POS消费,地点91,校车,2015/06/18 17:09:37,4.6,47.91
4217,卡充值,,,2015/06/18 17:23:02,400.0,447.91
4217,POS消费,地点21,开水,2015/06/18 17:23:12,2.8,445.11
4217,POS消费,地点1819,淋浴,2015/06/18 20:55:32,0.3,444.81
4217,POS消费,地点21,开水,2015/06/19 08:47:15,2.0,442.81
4217,POS消费,地点21,开水,2015/06/19 11:46:58,8.6,434.21
4217,POS消费,地点1765,淋浴,2015/06/19 11:56:21,0.03,434.18
4217,POS消费,地点232,食堂,2015/06/19 17:41:47,7.6,426.58
4217,POS消费,地点21,开水,2015/06/19 17:55:33,3.0,423.58
4217,POS消费,地点1765,淋浴,2015/06/20 09:05:41,0.09,423.49
4217,POS消费,地点21,开水,2015/06/20 11:57:16,6.0,417.49
4217,POS消费,地点21,开水,2015/06/20 12:00:51,2.0,415.49
4217,POS消费,地点232,食堂,2015/06/20 17:38:49,7.6,407.89
4217,POS消费,地点21,开水,2015/06/20 17:57:16,7.3,400.59
4217,POS消费,地点1819,淋浴,2015/06/20 22:17:01,0.5,400.09
4217,POS消费,地点21,开水,2015/06/21 11:47:43,5.6,394.49
4217,POS消费,地点91,校车,2015/06/21 11:48:25,7.0,387.49
4217,POS消费,地点21,开水,2015/06/21 11:58:42,3.9,383.59
4217,POS消费,地点232,食堂,2015/06/21 17:23:33,7.6,375.99
4217,POS消费,地点6,淋浴,2015/06/21 17:39:31,3.0,372.99
4217,POS消费,地点1765,淋浴,2015/06/22 09:21:03,0.09,372.9
4217,POS消费,地点21,开水,2015/06/22 12:05:04,2.8,370.1
4217,POS消费,地点21,开水,2015/06/22 12:27:59,1.5,368.6
4217,POS消费,地点21,开水,2015/06/22 17:39:01,8.4,360.2
4217,POS消费,地点21,开水,2015/06/22 17:48:11,4.0,356.2
4217,POS消费,地点1819,淋浴,2015/06/22 22:24:01,0.4,355.8
4217,POS消费,地点21,开水,2015/06/23 11:39:44,6.5,349.3
4217,POS消费,地点21,开水,2015/06/23 11:40:30,2.0,347.3
4217,POS消费,地点21,开水,2015/06/23 11:50:50,2.8,344.5
4217,POS消费,地点21,开水,2015/06/23 17:32:52,6.6,337.9
4217,POS消费,地点21,开水,2015/06/23 17:41:17,2.8,335.1
4217,POS消费,地点1819,淋浴,2015/06/23 22:35:06,0.4,334.7
4217,POS消费,地点232,食堂,2015/06/24 12:16:57,8.0,326.7
4217,POS消费,地点21,开水,2015/06/24 12:32:12,2.8,323.9
4217,POS消费,地点21,开水,2015/06/24 18:12:01,5.6,318.3
4217,POS消费,地点21,开水,2015/06/24 18:19:24,2.8,315.5
4217,POS消费,地点1819,淋浴,2015/06/24 23:42:30,0.2,315.3
4217,POS消费,地点6,淋浴,2015/06/25 11:15:21,9.0,306.3
4217,POS消费,地点21,开水,2015/06/25 11:33:09,2.8,303.5
4217,POS消费,地点91,校车,2015/06/25 17:40:20,5.0,298.5
4217,POS消费,地点21,开水,2015/06/25 17:54:39,2.2,296.3
4217,POS消费,地点1819,淋浴,2015/06/25 23:59:25,0.3,296.0
4217,POS消费,地点21,开水,2015/06/26 11:33:06,2.6,293.4
4217,POS消费,地点91,校车,2015/06/26 11:33:47,3.8,289.6
4217,POS消费,地点21,开水,2015/06/26 11:45:13,2.3,287.3
4217,POS消费,地点91,校车,2015/06/26 17:04:12,10.0,277.3
4217,POS消费,地点21,开水,2015/06/26 17:15:03,2.8,274.5
4217,POS消费,地点1819,淋浴,2015/06/26 19:52:50,0.3,274.2
4217,POS消费,地点91,校车,2015/06/27 11:53:11,6.0,268.2
4217,POS消费,地点21,开水,2015/06/27 12:08:05,8.0,260.2
4217,POS消费,地点21,开水,2015/06/27 18:33:06,2.2,258.0
4217,POS消费,地点1819,淋浴,2015/06/27 23:13:11,0.4,257.6
4217,POS消费,地点232,食堂,2015/06/28 17:35:00,10.6,247.0
4217,POS消费,地点21,开水,2015/06/28 17:54:04,2.3,244.7
4217,POS消费,地点1819,淋浴,2015/06/28 23:40:09,0.3,244.4
4217,POS消费,地点232,食堂,2015/06/29 11:42:44,6.6,237.8
4217,POS消费,地点21,开水,2015/06/29 11:43:37,2.5,235.3
4217,POS消费,地点21,开水,2015/06/29 11:55:31,16.3,219.0
4217,POS消费,地点1765,淋浴,2015/06/29 18:06:10,0.03,218.97
4217,POS消费,地点1819,淋浴,2015/06/29 22:39:28,0.3,218.67
4217,POS消费,地点21,开水,2015/06/30 11:46:44,2.8,215.87
4217,POS消费,地点21,开水,2015/06/30 11:48:05,6.5,209.37
4217,POS消费,地点21,开水,2015/06/30 21:38:43,2.3,207.07
4217,POS消费,地点1819,淋浴,2015/06/30 22:32:27,0.3,206.77
4217,POS消费,地点21,开水,2015/07/01 08:45:08,2.5,204.27
4217,POS消费,地点21,开水,2015/07/01 11:23:14,6.6,197.67
4217,POS消费,地点21,开水,2015/07/01 11:32:50,2.0,195.67
4217,POS消费,地点21,开水,2015/07/01 16:29:18,11.7,183.97
4217,POS消费,地点1819,淋浴,2015/07/01 23:12:04,0.3,183.67
4217,POS消费,地点21,开水,2015/07/02 11:19:22,6.6,177.07
4217,POS消费,地点21,开水,2015/07/02 11:19:54,1.2,175.87
4217,POS消费,地点21,开水,2015/07/02 11:30:30,10.7,165.17
4217,POS消费,地点1765,淋浴,2015/07/02 17:53:35,0.02,165.15
4217,POS消费,地点1819,淋浴,2015/07/02 23:56:20,0.2,164.95
4217,POS消费,地点21,开水,2015/07/03 15:10:07,16.2,148.75
4217,POS消费,地点1819,淋浴,2015/07/03 20:58:32,0.3,148.45
4217,POS消费,地点21,开水,2015/07/04 10:36:52,6.5,141.95
4217,POS消费,地点1819,淋浴,2015/07/04 18:27:27,0.4,141.55
4217,POS消费,地点21,开水,2015/07/04 21:02:32,2.0,139.55
4217,POS消费,地点21,开水,2015/07/05 16:46:04,8.8,130.75
4217,POS消费,地点1819,淋浴,2015/07/05 23:55:31,0.4,130.35
4217,POS消费,地点21,开水,2015/07/06 11:21:24,2.5,127.85
4217,POS消费,地点21,开水,2015/07/06 11:22:32,5.6,122.25
4217,POS消费,地点91,校车,2015/07/06 11:22:55,4.9,117.35
4217,POS消费,地点21,开水,2015/07/06 16:11:12,8.9,108.45
4217,POS消费,地点1819,淋浴,2015/07/06 22:38:31,0.4,108.05
4217,POS消费,地点21,开水,2015/07/07 11:10:51,6.6,101.45
4217,POS消费,地点21,开水,2015/07/07 11:18:54,2.8,98.65
4217,POS消费,地点21,开水,2015/07/07 11:22:07,7.1,91.55
4217,POS消费,地点91,校车,2015/07/07 17:04:45,5.0,86.55
4217,POS消费,地点21,开水,2015/07/07 17:16:53,4.9,81.65
4217,POS消费,地点1819,淋浴,2015/07/07 22:04:58,0.3,81.35
4217,POS消费,地点21,开水,2015/07/08 11:42:13,5.6,75.75
4217,POS消费,地点21,开水,2015/07/08 11:50:25,2.8,72.95
4217,POS消费,地点21,开水,2015/07/08 11:52:22,2.6,70.35
4217,POS消费,地点21,开水,2015/07/08 17:27:49,16.6,53.75
4217,POS消费,地点1765,淋浴,2015/07/08 17:35:43,0.04,53.71
4217,POS消费,地点21,开水,2015/07/10 09:29:06,9.3,44.41
4217,POS消费,地点1819,淋浴,2015/07/10 14:24:34,0.3,44.11
4217,卡充值,,,2015/07/10 18:21:32,400.0,444.11
4217,POS消费,地点21,开水,2015/07/10 18:23:15,11.6,432.51
4217,POS消费,地点1819,淋浴,2015/07/11 15:43:07,0.4,432.11
4217,POS消费,地点21,开水,2015/07/11 17:06:53,5.7,426.41
4217,POS消费,地点21,开水,2015/07/11 20:51:29,3.7,422.71
4217,POS消费,地点21,开水,2015/07/12 11:47:52,5.6,417.11
4217,POS消费,地点21,开水,2015/07/12 11:56:14,6.2,410.91
4217,POS消费,地点1819,淋浴,2015/07/12 17:18:51,0.4,410.51
4217,POS消费,地点21,开水,2015/07/12 17:38:21,2.6,407.91
4217,POS消费,地点91,校车,2015/07/12 17:39:08,4.3,403.61
4217,POS消费,地点21,开水,2015/07/12 17:48:30,2.9,400.71
4217,POS消费,地点21,开水,2015/07/13 11:24:01,5.6,395.11
4217,POS消费,地点21,开水,2015/07/13 11:32:22,6.9,388.21
4217,POS消费,地点21,开水,2015/07/13 20:32:26,10.9,377.31
4217,POS消费,地点1819,淋浴,2015/07/14 00:09:59,0.3,377.01
4217,POS消费,地点21,开水,2015/07/14 15:17:18,15.9,361.11
4217,POS消费,地点1819,淋浴,2015/07/14 17:09:11,0.3,360.81
4217,POS消费,地点21,开水,2015/07/15 08:11:12,2.6,358.21
4217,POS消费,地点21,开水,2015/07/15 17:55:08,10.1,348.11
4217,POS消费,地点1819,淋浴,2015/07/15 19:10:54,0.4,347.71
4217,POS消费,地点1819,淋浴,2015/07/16 17:07:55,0.5,347.21
4217,POS消费,地点1819,淋浴,2015/07/17 19:30:14,0.4,346.81
4217,POS消费,地点1819,淋浴,2015/07/18 18:35:30,0.3,346.51
4217,POS消费,地点1765,淋浴,2015/07/19 11:29:27,0.04,346.47
4217,POS消费,地点1819,淋浴,2015/07/19 18:09:21,0.3,346.17
4217,POS消费,地点1819,淋浴,2015/07/20 20:31:49,0.4,345.77
4217,POS消费,地点21,开水,2015/07/21 17:26:17,5.6,340.17
4217,POS消费,地点21,开水,2015/07/21 17:36:38,4.0,336.17
4217,POS消费,地点1819,淋浴,2015/07/21 22:32:29,0.4,335.77
4217,POS消费,地点1819,淋浴,2015/07/22 21:25:26,0.3,335.47
4217,POS消费,地点1819,淋浴,2015/07/23 16:55:14,0.5,334.97
4217,POS消费,地点21,开水,2015/07/24 11:24:16,5.6,329.37
4217,POS消费,地点21,开水,2015/07/24 11:27:50,1.2,328.17
4217,POS消费,地点21,开水,2015/07/24 11:33:00,2.8,325.37
4217,POS消费,地点1819,淋浴,2015/07/24 23:47:12,0.3,325.07
4217,POS消费,地点21,开水,2015/07/26 11:22:38,6.6,318.47
4217,POS消费,地点21,开水,2015/07/27 11:26:03,6.6,311.87
4217,POS消费,地点21,开水,2015/07/27 11:26:39,4.0,307.87
4217,POS消费,地点1819,淋浴,2015/07/27 15:25:07,0.5,307.37
4217,POS消费,地点1819,淋浴,2015/07/29 16:56:21,0.4,306.97
4217,POS消费,地点1819,淋浴,2015/07/31 23:18:08,0.4,306.57
4217,POS消费,地点1819,淋浴,2015/08/01 16:00:25,0.5,306.07
4217,POS消费,地点21,开水,2015/08/31 21:50:52,9.5,296.57
4217,POS消费,地点1819,淋浴,2015/08/31 22:40:35,0.5,296.07
